==== model: The Weatherman ====

$likelihood
Dv ~ dlnorm(mu, sigma[cell])

$main_model
mu <- loga[Mg] + gamma * (Mo - 1) + b[Lo] * sigma_loc + yr[Yr] * 
    sigma_yr + tr[Tr] * sigma_tr + cv[Cv] + b_deg * deg_h_z + 
    b_precip * precip_72h_z + b_seq * seq_depth_z

$gamma_def
gamma <- s_conv + gap_shift * (Mg - 1)

$prior_loga
loga[Mg] ~ dnorm(2, 2)

$prior_b
b[Lo] ~ dnorm(0, 1)

$prior_s
s_conv ~ dnorm(0, 1)

$prior_gs
gap_shift ~ dnorm(0, 1)

$prior_yr
yr[Yr] ~ dnorm(0, 1)

$prior_tr
tr[Tr] ~ dnorm(0, 1)

$pr_sigma
sigma[cell] ~ dexp(3.46)

$pr_sigma_loc
sigma_loc ~ dexp(2.31)

$pr_sigma_tr
sigma_tr ~ dexp(2.31)

$pr_sigma_yr
sigma_yr ~ dexp(2.31)

$prior_cv
cv[Cv] ~ dnorm(0, 1)

$prior_deg
b_deg ~ dnorm(0, 1)

$prior_precip
b_precip ~ dnorm(0, 1)

$prior_seq
b_seq ~ dnorm(0, 1)



==== precis: fit_MDLSYC ====

            mean    sd   5.5%  94.5%  rhat   ess_bulk
loga[1]    2.334 0.519  1.513  3.158 1.001  14704.775
loga[2]    1.724 0.525  0.889  2.556 1.000  16346.195
b[1]      -0.173 0.609 -1.157  0.796 1.001   4547.660
b[2]       0.293 0.586 -0.606  1.238 1.001  12370.185
b[3]       0.974 0.684 -0.088  2.083 1.000  34594.943
b[4]      -1.064 0.717 -2.226  0.068 1.002   2652.683
s_conv    -1.107 0.171 -1.378 -0.833 1.000  26722.927
gap_shift  2.011 0.171  1.737  2.286 1.000  63296.764
yr[1]     -0.545 0.681 -1.656  0.519 1.002  47796.654
yr[2]     -0.351 0.666 -1.431  0.685 1.001  43537.450
yr[3]      0.921 0.742 -0.224  2.137 1.000  41830.397
tr[1]      0.237 0.980 -1.331  1.800 1.000  45289.332
tr[2]      0.185 0.977 -1.395  1.738 1.001  82560.207
tr[3]      0.060 0.972 -1.505  1.609 1.001 106147.171
tr[4]      0.043 0.964 -1.498  1.584 1.001 108658.314
tr[5]     -0.116 0.976 -1.670  1.426 1.001  10674.912
tr[6]     -0.117 0.986 -1.668  1.470 1.001  13891.704
tr[7]      0.355 0.997 -1.262  1.938 1.001  36840.998
tr[8]      0.396 1.023 -1.249  2.047 1.001   4450.069
tr[9]      0.240 0.987 -1.332  1.814 1.001  13230.880
tr[10]     0.058 0.975 -1.509  1.601 1.000  48768.097
tr[11]     0.088 0.971 -1.459  1.645 1.001  89346.378
tr[12]     0.074 0.984 -1.527  1.630 1.002   4437.196
tr[13]     0.133 0.980 -1.435  1.708 1.001  93006.596
tr[14]     0.232 0.991 -1.371  1.808 1.000  34230.466
tr[15]     0.212 0.983 -1.371  1.781 1.002  81772.400
tr[16]     0.053 0.971 -1.503  1.601 1.001  97514.957
tr[17]    -0.257 0.988 -1.822  1.333 1.000  33560.642
tr[18]    -0.072 0.974 -1.628  1.476 1.001 108712.902
tr[19]    -0.069 0.912 -1.527  1.399 1.001 103792.146
tr[20]    -0.108 0.922 -1.572  1.382 1.001 105294.767
tr[21]    -0.042 0.912 -1.498  1.434 1.001 103827.451
tr[22]    -0.396 0.964 -1.886  1.196 1.001  21758.991
tr[23]    -0.226 0.932 -1.681  1.310 1.001  67247.929
tr[24]    -0.036 0.919 -1.520  1.428 1.001 100950.066
tr[25]    -0.329 0.947 -1.790  1.241 1.000  27869.432
tr[26]    -0.675 1.041 -2.271  1.039 1.001   4048.382
tr[27]    -0.183 0.926 -1.638  1.327 1.001  76734.134
tr[28]     0.072 0.989 -1.501  1.653 1.001  17244.688
tr[29]    -0.075 0.970 -1.621  1.481 1.000  87950.169
tr[30]     0.111 0.984 -1.470  1.679 1.002 100525.264
tr[31]     0.263 0.979 -1.309  1.832 1.000  53726.876
tr[32]     0.243 0.985 -1.333  1.862 1.002   3730.309
tr[33]    -0.066 0.970 -1.623  1.495 1.001 112712.735
tr[34]    -0.148 0.976 -1.714  1.412 1.001  90948.630
tr[35]     0.179 0.978 -1.390  1.743 1.000  85783.530
tr[36]    -0.326 0.994 -1.895  1.281 1.000  16091.997
tr[37]     0.240 0.924 -1.267  1.681 1.001  44199.315
tr[38]    -0.290 0.946 -1.736  1.261 1.001   9586.165
tr[39]     0.368 0.952 -1.210  1.836 1.000  27066.698
tr[40]     0.428 0.966 -1.171  1.918 1.000  17224.982
tr[41]     0.124 0.914 -1.347  1.570 1.000  51996.777
tr[42]     0.176 0.926 -1.336  1.634 1.000  39645.214
tr[43]     0.112 0.924 -1.385  1.557 1.000  48493.564
tr[44]    -0.173 0.921 -1.635  1.322 1.001  88280.827
tr[45]    -0.306 0.940 -1.750  1.245 1.001  35466.901
tr[46]    -0.248 0.944 -1.710  1.311 1.000  29596.844
tr[47]    -0.111 0.915 -1.554  1.368 1.000  57583.085
tr[48]    -1.045 1.239 -3.102  0.903 1.002   2212.440
tr[49]     0.202 0.975 -1.363  1.737 1.000  43344.795
tr[50]     0.028 0.974 -1.520  1.569 1.000  77151.922
tr[51]     0.128 0.974 -1.435  1.682 1.001  84368.688
tr[52]     0.017 0.976 -1.541  1.576 1.000 109021.372
tr[53]     0.171 0.988 -1.417  1.732 1.001  17727.540
tr[54]     0.065 0.967 -1.482  1.619 1.001 108126.858
tr[55]     0.020 0.971 -1.528  1.578 1.000  71034.724
tr[56]     0.005 0.974 -1.545  1.564 1.000  82773.451
tr[57]    -0.272 0.986 -1.828  1.317 1.000  26117.246
tr[58]    -0.181 0.977 -1.753  1.379 1.000  77222.427
tr[59]    -0.212 0.983 -1.778  1.376 1.001  83070.247
tr[60]     0.042 0.981 -1.533  1.602 1.000 103458.203
tr[61]     0.062 0.976 -1.501  1.618 1.001  69224.835
tr[62]     0.133 0.987 -1.449  1.699 1.000  84108.063
tr[63]     0.059 0.983 -1.517  1.625 1.001   8008.981
tr[64]     0.039 0.977 -1.516  1.599 1.000  99557.800
tr[65]    -0.011 0.977 -1.573  1.543 1.001  24864.547
tr[66]    -0.318 1.012 -1.926  1.311 1.001  51200.783
tr[67]     0.085 0.973 -1.474  1.638 1.000  91977.790
tr[68]    -0.182 0.989 -1.733  1.411 1.001   8243.253
tr[69]    -0.251 0.988 -1.814  1.342 1.000  58845.464
tr[70]     0.192 0.922 -1.316  1.630 1.001  70929.458
tr[71]     0.385 0.957 -1.199  1.844 1.000  16529.522
tr[72]     0.143 0.928 -1.366  1.594 1.000  92231.481
tr[73]    -0.188 0.918 -1.622  1.314 1.000  56483.603
tr[74]    -0.269 0.939 -1.719  1.277 1.000  29878.215
tr[75]    -0.014 0.915 -1.474  1.447 1.001 106962.926
tr[76]     0.250 0.931 -1.284  1.702 1.000  43332.224
tr[77]     0.004 0.915 -1.452  1.475 1.002 101908.796
tr[78]     0.096 0.918 -1.402  1.543 1.001  79405.313
tr[79]     0.045 0.966 -1.496  1.597 1.000 100753.689
tr[80]    -0.262 0.994 -1.834  1.343 1.000  30327.246
tr[81]    -0.200 0.985 -1.766  1.371 1.001  25183.551
tr[82]    -0.104 0.973 -1.668  1.443 1.000  87851.011
tr[83]    -0.178 0.978 -1.741  1.390 1.001  75334.267
tr[84]    -0.232 0.970 -1.780  1.336 1.001  75902.275
tr[85]    -0.288 0.994 -1.852  1.310 1.000  13937.494
tr[86]    -0.245 0.995 -1.808  1.352 1.001   9381.960
tr[87]    -0.217 0.989 -1.775  1.380 1.000  35966.570
tr[88]     0.302 0.933 -1.233  1.755 1.001  37079.696
tr[89]     0.147 0.915 -1.335  1.593 1.000  85930.366
tr[90]     0.193 0.927 -1.324  1.647 1.002  58994.526
tr[91]     0.067 0.920 -1.416  1.531 1.001 106699.656
tr[92]     0.054 0.915 -1.426  1.508 1.001  89312.997
tr[93]    -0.536 1.011 -2.110  1.112 1.002   3660.004
tr[94]    -0.038 0.914 -1.499  1.431 1.001  99629.508
tr[95]    -0.496 0.976 -1.975  1.124 1.000  13120.323
tr[96]     0.025 0.914 -1.458  1.469 1.000  87506.916
tr[97]     0.447 0.984 -1.165  1.950 1.001   4960.147
tr[98]     0.169 0.938 -1.359  1.616 1.001   9044.370
tr[99]     0.030 0.908 -1.439  1.468 1.001  92698.217
tr[100]    0.093 0.979 -1.480  1.696 1.002   3924.320
tr[101]   -0.035 0.981 -1.609  1.537 1.000 106032.389
tr[102]    0.285 0.984 -1.297  1.855 1.000  46441.969
tr[103]   -0.108 0.997 -1.754  1.470 1.002   3622.357
tr[104]    0.159 0.986 -1.418  1.729 1.001   8491.406
tr[105]    0.230 0.987 -1.364  1.795 1.000  42807.578
tr[106]   -0.181 0.981 -1.745  1.387 1.001  69635.359
tr[107]   -0.040 0.982 -1.598  1.534 1.000  40377.517
tr[108]   -0.061 0.981 -1.624  1.495 1.000  37542.884
tr[109]   -0.069 0.984 -1.648  1.500 1.000  96331.286
tr[110]   -0.083 0.984 -1.641  1.497 1.000  29217.951
tr[111]   -0.270 0.997 -1.853  1.333 1.000  36188.416
tr[112]   -0.072 0.967 -1.611  1.481 1.001 103103.002
tr[113]    0.022 0.972 -1.520  1.586 1.000 100483.419
tr[114]   -0.227 0.983 -1.790  1.348 1.000  44383.784
tr[115]   -0.034 0.979 -1.610  1.538 1.001 106812.288
tr[116]   -0.007 0.973 -1.558  1.533 1.000  75048.013
tr[117]    0.110 0.982 -1.472  1.665 1.000  26566.210
tr[118]    0.003 0.979 -1.573  1.569 1.001  12192.327
tr[119]   -0.049 0.980 -1.611  1.508 1.000  40971.304
tr[120]    0.237 0.981 -1.343  1.789 1.001  66801.969
tr[121]   -0.295 0.951 -1.765  1.264 1.000  20846.848
tr[122]   -0.132 0.926 -1.589  1.389 1.001  68595.461
tr[123]    0.026 0.905 -1.433  1.474 1.001 101387.176
tr[124]    0.265 0.931 -1.268  1.713 1.001  51201.227
tr[125]    0.447 0.967 -1.156  1.918 1.000  15793.211
tr[126]    0.144 0.918 -1.347  1.584 1.001  21754.691
tr[127]    0.544 1.004 -1.108  2.074 1.001   4467.058
tr[128]    0.579 1.005 -1.078  2.110 1.000   9187.742
tr[129]    0.254 0.925 -1.276  1.683 1.000  39823.385
sigma[1]   0.648 0.057  0.564  0.745 1.001  12570.730
sigma[2]   0.558 0.059  0.469  0.659 1.002   3629.713
sigma[3]   0.939 0.106  0.781  1.117 1.001  11798.302
sigma[4]   0.229 0.061  0.116  0.319 1.004   1494.873
sigma_loc  0.389 0.238  0.125  0.809 1.003   2164.352
sigma_tr   0.087 0.063  0.007  0.206 1.003   1874.532
sigma_yr   0.320 0.219  0.095  0.713 1.000  22129.535
cv[1]     -0.017 0.440 -0.733  0.682 1.002   3609.061
cv[2]      0.062 0.441 -0.652  0.764 1.003   3114.533
cv[3]     -0.165 0.439 -0.879  0.536 1.002   3690.694
cv[4]     -0.059 0.440 -0.769  0.646 1.001   6789.283
cv[5]      0.166 0.440 -0.548  0.870 1.002   6236.570
b_deg     -0.193 0.125 -0.396  0.007 1.000  16756.807
b_precip   0.044 0.069 -0.067  0.157 1.001  16761.819
b_seq     -0.348 0.055 -0.436 -0.261 1.000  56195.344


==== posterior contrast ====
May mean -- mean: -5.684  median: -4.37  89% PI: [ -14.281 , -0.088 ]  89% HPDI: [ -12.456 , 0.867 ]
July mean -- mean: 14.658  median: 12.099  89% PI: [ 5.29 , 29.684 ]  89% HPDI: [ 3.632 , 24.334 ]
Change in management contrast, from May to July -- mean: 20.342  median: 16.624  89% PI: [ 7.114 , 41.599 ]  89% HPDI: [ 4.628 , 33.732 ]
