==== model: The Weatherman ====

$likelihood
Dv ~ dlnorm(mu, sigma[cell])

$main_model
mu <- loga[Mg] + gamma * (Mo - 1) + b[Lo] * sigma_loc + yr[Yr] * 
    sigma_yr + tr[Tr] * sigma_tr + cv[Cv] + b_deg * deg_h_z + 
    b_precip * precip_72h_z + b_seq * seq_depth_z

$gamma_def
gamma <- s_conv + gap_shift * (Mg - 1)

$prior_loga
loga[Mg] ~ dnorm(2, 2)

$prior_b
b[Lo] ~ dnorm(0, 1)

$prior_s
s_conv ~ dnorm(0, 1)

$prior_gs
gap_shift ~ dnorm(0, 1)

$prior_yr
yr[Yr] ~ dnorm(0, 1)

$prior_tr
tr[Tr] ~ dnorm(0, 1)

$pr_sigma
sigma[cell] ~ dexp(3.46)

$pr_sigma_loc
sigma_loc ~ dexp(2.31)

$pr_sigma_tr
sigma_tr ~ dexp(2.31)

$prior_cv
cv[Cv] ~ dnorm(0, 1)

$pr_sigma_yr
sigma_yr ~ dexp(2.31)

$prior_deg
b_deg ~ dnorm(0, 1)

$prior_precip
b_precip ~ dnorm(0, 1)

$prior_seq
b_seq ~ dnorm(0, 1)



==== precis: fit_sim ====

            mean    sd   5.5%  94.5%  rhat ess_bulk
loga[1]    1.669 0.499  0.955  2.492 1.070   58.817
loga[2]    2.134 0.521  1.379  2.970 1.111   35.617
b[1]      -1.035 0.633 -2.137 -0.163 1.060   66.326
b[2]       1.055 0.641  0.169  2.169 1.075   50.313
b[3]      -0.043 0.501 -0.840  0.782 1.071 1363.096
b[4]      -0.015 0.488 -0.803  0.804 1.132 3629.011
s_conv     0.354 0.072  0.246  0.473 1.021  241.892
gap_shift  0.323 0.139  0.097  0.549 1.081   45.253
yr[1]      0.378 0.728 -0.810  1.494 1.034  120.034
yr[2]      0.328 0.719 -0.843  1.447 1.060  550.649
yr[3]     -0.585 0.758 -1.822  0.555 1.029  168.817
tr[1]      0.154 0.778 -1.004  1.451 1.039   94.116
tr[2]      1.790 0.479  0.986  2.515 1.023  256.877
tr[3]     -2.113 0.555 -2.916 -1.140 1.038  107.708
tr[4]     -0.160 0.769 -1.378  1.052 1.013  665.508
tr[5]     -0.509 0.458 -1.246  0.234 1.132 4808.994
tr[6]      1.234 0.480  0.438  2.002 1.109 2154.288
tr[7]      0.375 0.766 -0.881  1.582 1.038  262.110
tr[8]     -0.188 0.798 -1.395  1.065 1.077   49.165
tr[9]      1.477 0.486  0.727  2.272 1.081  152.110
tr[10]     0.322 0.815 -1.037  1.530 1.075   49.501
tr[11]    -0.208 0.473 -0.952  0.543 1.035  252.879
tr[12]    -1.470 0.790 -2.659 -0.137 1.021  241.563
tr[13]     0.720 0.788 -0.494  2.021 1.038  239.788
tr[14]     0.756 0.863 -0.611  2.182 1.140   28.016
tr[15]     0.640 0.767 -0.609  1.870 1.026  160.036
tr[16]     0.205 0.505 -0.549  1.018 1.044   87.670
tr[17]    -0.968 0.472 -1.747 -0.255 1.065  107.048
tr[18]     1.136 0.770 -0.166  2.286 1.024  381.439
tr[19]     0.551 0.746 -0.684  1.702 1.029  541.994
tr[20]     0.109 0.765 -1.088  1.343 1.043  808.342
tr[21]    -0.328 0.494 -1.184  0.399 1.052  216.529
tr[22]     0.191 0.786 -1.148  1.412 1.067  575.984
tr[23]     0.277 0.789 -1.061  1.496 1.011  288.008
tr[24]    -2.127 0.524 -2.969 -1.307 1.030  157.160
tr[25]    -0.272 0.490 -1.007  0.534 1.039  119.568
tr[26]     0.414 0.461 -0.372  1.118 1.102 1492.236
tr[27]    -0.185 0.807 -1.521  1.052 1.089   42.210
tr[28]    -0.499 0.796 -1.794  0.732 1.056   64.805
tr[29]    -0.943 0.475 -1.690 -0.162 1.044  800.639
tr[30]    -1.091 0.790 -2.382  0.156 1.030  148.650
tr[31]    -0.107 0.429 -0.798  0.598 1.107 4080.598
tr[32]     1.571 0.528  0.698  2.398 1.095 1835.299
tr[33]    -0.973 0.796 -2.182  0.336 1.045   83.864
tr[34]    -0.105 0.772 -1.300  1.122 1.039  105.077
tr[35]    -0.118 0.517 -0.926  0.710 1.042  127.428
tr[36]     0.012 0.466 -0.764  0.710 1.094  250.380
tr[37]     0.316 0.518 -0.533  1.147 1.096 2556.317
tr[38]    -0.344 0.764 -1.521  0.923 1.033 1231.547
tr[39]    -0.725 0.813 -2.059  0.608 1.083   43.560
tr[40]    -0.315 0.480 -1.053  0.452 1.049   79.764
tr[41]    -1.184 0.509 -1.968 -0.322 1.068 1037.875
tr[42]    -1.363 0.490 -2.188 -0.655 1.052   76.480
tr[43]     0.045 0.761 -1.146  1.308 1.025  190.905
tr[44]     0.039 0.473 -0.679  0.844 1.085 2237.693
tr[45]    -0.466 0.514 -1.187  0.387 1.063   61.391
tr[46]     0.363 0.771 -0.807  1.643 1.017  549.683
tr[47]     0.550 0.752 -0.603  1.813 1.036  634.922
tr[48]    -0.057 0.793 -1.200  1.244 1.071   51.982
tr[49]     0.587 0.491 -0.249  1.306 1.065  248.333
tr[50]     0.180 0.473 -0.565  0.970 1.110 1975.545
tr[51]     0.085 0.759 -1.137  1.314 1.037 1381.799
tr[52]     0.420 0.759 -0.767  1.632 1.010  534.989
tr[53]     0.583 0.812 -0.678  1.941 1.028  162.267
tr[54]    -0.174 0.812 -1.530  1.074 1.038  101.342
tr[55]    -0.008 0.766 -1.229  1.209 1.024  459.031
tr[56]     0.074 0.811 -1.245  1.390 1.047   81.837
tr[57]     0.441 0.503 -0.243  1.288 1.063   65.320
tr[58]     0.643 0.777 -0.657  1.801 1.015  468.122
tr[59]    -1.296 0.773 -2.598 -0.097 1.042  175.816
tr[60]    -0.468 0.474 -1.183  0.316 1.029  206.558
tr[61]    -0.072 0.442 -0.812  0.600 1.096  843.476
tr[62]     0.597 0.772 -0.636  1.816 1.029  181.651
tr[63]    -0.772 0.461 -1.537 -0.068 1.085  179.955
tr[64]    -0.617 0.495 -1.322  0.217 1.065  103.321
tr[65]     0.529 0.460 -0.204  1.287 1.164 2565.940
tr[66]    -0.462 0.781 -1.640  0.816 1.048   83.847
tr[67]     0.486 0.792 -0.822  1.638 1.064   57.012
tr[68]     1.713 0.522  0.796  2.457 1.038  286.635
tr[69]    -1.001 0.798 -2.308  0.283 1.026  193.589
tr[70]     0.784 0.471  0.081  1.563 1.028  158.206
tr[71]    -0.537 0.470 -1.269  0.221 1.024  417.295
tr[72]     0.229 0.776 -1.092  1.359 1.058   66.267
tr[73]     0.019 0.779 -1.176  1.269 1.036  110.999
tr[74]     0.418 0.760 -0.782  1.654 1.035  760.763
tr[75]    -0.366 0.778 -1.600  0.870 1.017  283.251
tr[76]     0.230 0.487 -0.590  0.958 1.089  158.894
tr[77]    -0.606 0.851 -1.938  0.775 1.138   29.265
tr[78]    -0.311 0.526 -1.124  0.531 1.043  187.552
tr[79]    -0.137 0.795 -1.441  1.135 1.024  191.452
tr[80]    -0.792 0.914 -2.371  0.662 1.188   21.428
tr[81]     0.745 0.777 -0.486  1.956 1.040  120.084
tr[82]    -0.766 0.773 -1.931  0.502 1.024  523.778
tr[83]    -0.505 0.783 -1.772  0.719 1.033  118.560
tr[84]     0.005 0.813 -1.338  1.216 1.068   54.924
tr[85]     0.368 0.823 -0.985  1.588 1.091   39.961
tr[86]     0.213 0.767 -1.058  1.395 1.037  124.672
tr[87]     0.639 0.439 -0.050  1.369 1.090 2857.583
tr[88]     1.154 0.481  0.369  1.893 1.069  279.635
tr[89]     1.853 0.485  1.128  2.664 1.029  150.566
tr[90]    -0.409 0.762 -1.583  0.863 1.053 1075.572
tr[91]    -0.198 0.763 -1.444  1.072 1.040  606.459
tr[92]     0.452 0.481 -0.290  1.260 1.072  604.646
tr[93]     0.412 0.802 -0.877  1.773 1.040  100.913
tr[94]     0.745 0.475 -0.038  1.426 1.041   92.094
tr[95]     0.466 0.464 -0.241  1.213 1.032  132.437
tr[96]    -0.405 0.766 -1.662  0.787 1.047  527.272
tr[97]     0.367 0.757 -0.876  1.544 1.024  705.095
tr[98]    -0.552 0.484 -1.252  0.259 1.050  133.490
tr[99]     0.996 0.811 -0.287  2.311 1.086   43.617
tr[100]   -0.604 0.450 -1.308  0.134 1.092 1108.814
tr[101]   -1.323 0.458 -2.057 -0.585 1.084 1676.779
tr[102]   -0.562 0.459 -1.294  0.208 1.153 3421.452
tr[103]   -0.508 0.442 -1.196  0.222 1.092 1440.665
tr[104]   -0.377 0.801 -1.569  0.982 1.078   48.443
tr[105]    1.598 0.481  0.862  2.383 1.065  337.924
tr[106]   -0.158 0.461 -0.905  0.570 1.033  421.703
tr[107]    0.497 0.745 -0.716  1.687 1.049 1662.812
tr[108]    0.249 0.794 -0.893  1.580 1.048   79.505
tr[109]   -0.397 0.775 -1.603  0.826 1.045   81.935
tr[110]   -0.284 0.489 -1.048  0.526 1.071  674.500
tr[111]   -0.474 0.474 -1.187  0.342 1.097 1196.964
tr[112]    0.011 0.497 -0.816  0.807 1.119 3473.447
tr[113]    0.992 0.783 -0.277  2.227 1.028  147.875
tr[114]   -0.584 0.766 -1.803  0.627 1.025  846.583
tr[115]   -0.589 0.494 -1.403  0.144 1.050  189.011
tr[116]   -0.268 0.485 -1.084  0.466 1.086  276.759
tr[117]    0.162 0.775 -1.080  1.411 1.033  137.333
tr[118]   -0.132 0.767 -1.363  1.063 1.020  326.055
tr[119]   -0.830 0.781 -1.990  0.453 1.023  188.638
tr[120]    0.073 0.534 -0.675  0.980 1.086   43.943
sigma[1]   0.542 0.054  0.461  0.637 1.040  488.162
sigma[2]   0.118 0.082  0.010  0.257 1.393   13.154
sigma[3]   0.682 0.072  0.575  0.804 1.020  403.171
sigma[4]   0.620 0.087  0.475  0.761 1.283   15.622
sigma_loc  0.497 0.226  0.229  0.914 1.148   27.112
sigma_tr   0.376 0.049  0.299  0.449 1.228   18.651
cv[1]      0.138 0.448 -0.601  0.737 1.106   37.744
cv[2]     -0.036 0.466 -0.783  0.658 1.145   27.735
cv[3]      0.291 0.437 -0.427  0.894 1.082   48.844
cv[4]      0.092 0.448 -0.633  0.705 1.118   34.441
cv[5]     -0.022 0.434 -0.738  0.591 1.081   48.888
sigma_yr   0.184 0.159  0.021  0.455 1.026  233.147
b_deg      0.147 0.041  0.081  0.213 1.188   21.543
b_precip  -0.158 0.039 -0.219 -0.095 1.087   42.252
b_seq     -0.382 0.037 -0.441 -0.322 1.040 1239.774


==== parameter recovery ====
       param   true post_median   lo89   hi89 covered
1      loga1  1.386       1.620  0.955  2.492    TRUE
2      loga2  1.946       2.110  1.379  2.970    TRUE
3     s_conv  0.350       0.349  0.246  0.473    TRUE
4  gap_shift  0.200       0.325  0.097  0.549    TRUE
5      b_deg  0.150       0.149  0.081  0.213    TRUE
6   b_precip -0.150      -0.161 -0.219 -0.095    TRUE
7      b_seq -0.400      -0.382 -0.441 -0.322    TRUE
8     sigma1  0.555       0.536  0.461  0.637    TRUE
9     sigma2  0.246       0.112  0.010  0.257    TRUE
10    sigma3  0.703       0.676  0.575  0.804    TRUE
11    sigma4  0.703       0.621  0.475  0.761    TRUE
12  sigma_yr  0.300       0.148  0.021  0.455    TRUE
13       cv1  0.050       0.161 -0.601  0.737    TRUE
14       cv2 -0.050      -0.012 -0.783  0.658    TRUE
15       cv3  0.100       0.329 -0.427  0.894    TRUE
16       cv4 -0.100       0.120 -0.633  0.705    TRUE
17       cv5  0.000       0.023 -0.738  0.591    TRUE
covered: 17 / 17 


==== posterior contrast ====
Median May gap (Organic - Conventional) -- mean: 3.682  median: 3.038  89% PI: [ 0.966 , 8.105 ]  89% HPDI: [ 0.522 , 6.617 ]
Median July gap (Organic - Conventional) -- mean: 10.389  median: 8.566  89% PI: [ 4.275 , 21.622 ]  89% HPDI: [ 2.94 , 18.577 ]
Seasonal change in median gap (July - May) -- mean: 6.707  median: 5.423  89% PI: [ 2.442 , 14.692 ]  89% HPDI: [ 1.479 , 12.132 ]
