==== model: The Splitter ====

$likelihood
Dv ~ dlnorm(mu, sigma[cell])

$main_model
mu <- loga[Mg] + gamma * (Mo - 1) + b[Lo] * sigma_loc + yr[Yr] + 
    tr[Tr] * sigma_tr

$gamma_def
gamma <- s_conv + gap_shift * (Mg - 1)

$prior_loga
loga[Mg] ~ dnorm(6, 2)

$prior_b
b[Lo] ~ dnorm(0, 1)

$prior_s
s_conv ~ dnorm(0, 1)

$prior_gs
gap_shift ~ dnorm(0, 1)

$prior_yr
yr[Yr] ~ dnorm(0, 1)

$prior_tr
tr[Tr] ~ dnorm(0, 1)

$pr_sigma
sigma[cell] ~ dexp(2.5)

$pr_sigma_loc
sigma_loc ~ dexp(2.5)

$pr_sigma_tr
sigma_tr ~ dexp(2.5)



==== precis: fit_MDLS2 ====

            mean    sd   5.5%  94.5%  rhat  ess_bulk
loga[1]    5.309 0.580  4.390  6.237 1.000 18571.820
loga[2]    3.852 0.603  2.899  4.819 1.000 19018.230
b[1]       0.290 0.632 -0.704  1.298 1.000 38795.491
b[2]       0.925 0.683 -0.122  2.047 1.000 35227.548
b[3]      -0.901 0.690 -2.031  0.168 1.000 48029.720
b[4]      -0.534 0.635 -1.571  0.450 1.000 42491.678
s_conv    -1.208 0.172 -1.483 -0.933 1.000 59597.232
gap_shift  0.909 0.293  0.442  1.379 1.000 57735.556
yr[1]      0.076 0.542 -0.795  0.941 1.000 18382.142
yr[2]     -0.377 0.542 -1.240  0.486 1.000 18169.739
yr[3]     -0.403 0.539 -1.265  0.452 1.000 18299.753
tr[1]     -0.026 0.943 -1.543  1.479 1.001 95023.274
tr[2]      0.001 0.935 -1.499  1.492 1.000 94291.485
tr[3]     -0.130 0.943 -1.632  1.385 1.000 88406.475
tr[4]     -0.247 0.955 -1.736  1.305 1.000 45441.144
tr[5]     -0.226 0.950 -1.711  1.324 1.000 58255.499
tr[6]      0.785 1.123 -1.025  2.591 1.001  7762.155
tr[7]      0.207 0.954 -1.331  1.714 1.000 72070.381
tr[8]     -0.175 0.950 -1.673  1.363 1.000 55398.451
tr[9]     -0.129 0.940 -1.627  1.387 1.000 84866.263
tr[10]    -0.631 1.065 -2.329  1.093 1.000  8151.456
tr[11]     0.497 1.020 -1.165  2.081 1.000 13482.909
tr[12]    -0.380 0.993 -1.933  1.234 1.000 18589.098
tr[13]     0.247 0.959 -1.315  1.756 1.000 49490.749
tr[14]     0.236 0.960 -1.324  1.735 1.000 42718.803
tr[15]     0.347 0.973 -1.230  1.855 1.000 24839.956
tr[16]    -0.138 0.946 -1.634  1.393 1.000 74145.261
tr[17]     0.208 0.953 -1.335  1.706 1.000 48912.139
tr[18]     0.160 0.948 -1.373  1.653 1.000 67471.137
tr[19]    -0.037 0.964 -1.582  1.512 1.000 90360.762
tr[20]    -0.177 0.971 -1.723  1.384 1.000 64612.453
tr[21]    -0.093 0.963 -1.634  1.461 1.000 87341.475
tr[22]    -0.117 0.972 -1.653  1.446 1.000 79304.076
tr[23]    -0.162 0.978 -1.708  1.418 1.000 67045.059
tr[24]     0.005 0.964 -1.529  1.545 1.000 94064.600
tr[25]     0.000 0.972 -1.552  1.555 1.000 93440.351
tr[26]    -0.065 0.964 -1.608  1.476 1.000 91158.600
tr[27]     0.035 0.972 -1.524  1.582 1.000 96513.055
tr[28]     0.067 0.994 -1.522  1.666 1.000 94125.538
tr[29]     0.086 1.008 -1.522  1.699 1.000 85707.231
tr[30]     0.168 0.941 -1.350  1.656 1.000 75236.662
tr[31]    -0.031 0.941 -1.528  1.478 1.000 90293.536
tr[32]    -0.043 0.939 -1.539  1.473 1.000 83025.867
tr[33]    -0.105 0.943 -1.602  1.410 1.000 72438.416
tr[34]     0.108 0.999 -1.495  1.702 1.000 83636.016
tr[35]    -0.010 0.937 -1.503  1.492 1.000 89011.518
tr[36]     0.020 0.939 -1.480  1.520 1.000 89871.477
tr[37]     0.112 0.969 -1.453  1.658 1.000 74291.851
tr[38]    -0.031 0.964 -1.565  1.515 1.000 92050.144
tr[39]    -0.027 0.970 -1.572  1.526 1.000 85596.108
tr[40]    -0.041 0.970 -1.591  1.523 1.000 89927.125
tr[41]    -0.178 0.971 -1.722  1.396 1.000 66857.068
tr[42]     0.003 0.960 -1.540  1.545 1.000 86481.382
tr[43]     0.330 0.989 -1.262  1.890 1.000 35578.356
tr[44]     0.156 0.977 -1.418  1.699 1.000 73408.596
tr[45]     0.210 0.976 -1.361  1.765 1.000 65021.715
tr[46]     0.367 1.012 -1.265  1.963 1.000 25738.136
tr[47]     0.298 0.992 -1.307  1.872 1.000 36947.575
tr[48]     0.016 0.965 -1.549  1.556 1.000 85188.095
tr[49]    -0.130 0.944 -1.624  1.394 1.000 70637.146
tr[50]     0.033 0.995 -1.565  1.624 1.000 89294.831
tr[51]    -0.295 0.973 -1.807  1.297 1.000 32285.604
tr[52]    -0.444 0.996 -1.995  1.184 1.000 19083.409
tr[53]    -0.303 0.965 -1.806  1.275 1.000 40303.302
tr[54]     0.048 0.940 -1.461  1.554 1.000 83811.369
tr[55]    -0.300 0.966 -1.803  1.278 1.000 30930.186
tr[56]     0.130 0.952 -1.411  1.644 1.000 68399.880
tr[57]    -0.235 0.952 -1.724  1.316 1.000 40991.679
tr[58]    -0.218 0.943 -1.700  1.316 1.000 50492.061
tr[59]    -0.321 0.977 -1.843  1.269 1.000 26490.626
tr[60]    -0.615 1.061 -2.306  1.096 1.000  9852.123
tr[61]     0.252 0.959 -1.300  1.758 1.000 43634.479
tr[62]     0.284 0.973 -1.306  1.801 1.000 30709.816
tr[63]     0.035 0.942 -1.486  1.542 1.000 86585.417
tr[64]     0.005 0.930 -1.480  1.491 1.000 92745.664
tr[65]     0.045 0.933 -1.450  1.535 1.000 87529.812
tr[66]     0.186 0.952 -1.353  1.680 1.000 56076.846
tr[67]     0.055 0.936 -1.447  1.550 1.000 85784.597
tr[68]     0.094 0.991 -1.493  1.677 1.000 86345.331
tr[69]     0.093 0.995 -1.498  1.669 1.000 85746.194
tr[70]    -0.561 1.067 -2.260  1.152 1.000 16537.008
tr[71]     0.018 0.964 -1.517  1.557 1.000 91628.375
tr[72]     0.080 0.956 -1.460  1.592 1.000 80802.082
tr[73]     0.142 0.965 -1.408  1.681 1.000 72036.266
tr[74]     0.202 0.968 -1.362  1.727 1.000 61924.879
tr[75]     0.039 0.958 -1.496  1.567 1.000 89642.203
tr[76]     0.024 0.963 -1.524  1.559 1.000 87914.405
tr[77]    -0.045 0.998 -1.641  1.557 1.000 82441.450
tr[78]     0.196 0.977 -1.373  1.750 1.000 45515.059
tr[79]     0.007 0.940 -1.492  1.508 1.000 92111.689
tr[80]     0.654 1.080 -1.078  2.377 1.000  8360.635
tr[81]    -0.162 0.950 -1.657  1.378 1.000 75923.604
tr[82]    -0.164 0.942 -1.653  1.360 1.000 83246.833
tr[83]     0.048 0.999 -1.543  1.637 1.000 89709.190
tr[84]    -0.111 0.940 -1.599  1.412 1.000 74947.459
tr[85]    -0.061 0.941 -1.555  1.454 1.000 87285.410
tr[86]    -0.063 0.939 -1.553  1.451 1.000 83791.767
tr[87]    -0.255 0.950 -1.749  1.291 1.000 51480.111
tr[88]    -0.047 0.970 -1.588  1.507 1.000 89080.335
tr[89]    -0.004 0.963 -1.539  1.544 1.000 90130.636
tr[90]     0.122 0.967 -1.438  1.653 1.000 78029.404
tr[91]     0.061 0.974 -1.499  1.616 1.000 89850.162
tr[92]    -0.014 0.970 -1.564  1.543 1.000 91827.460
tr[93]     0.204 0.975 -1.366  1.748 1.000 65362.987
tr[94]    -0.385 1.008 -1.989  1.237 1.000 27528.816
tr[95]    -0.633 1.082 -2.365  1.109 1.000 14015.419
tr[96]    -0.468 1.023 -2.094  1.179 1.000 20974.900
tr[97]     0.180 0.981 -1.405  1.744 1.000 62954.702
tr[98]     0.160 0.982 -1.422  1.718 1.000 69180.418
tr[99]     0.069 0.969 -1.477  1.609 1.000 87081.830
tr[100]    0.174 0.951 -1.368  1.669 1.000 66379.880
tr[101]   -0.106 0.944 -1.601  1.415 1.000 78518.928
tr[102]    0.308 0.965 -1.260  1.812 1.000 39212.800
tr[103]   -0.134 0.946 -1.619  1.391 1.000 72576.408
tr[104]    0.026 0.939 -1.469  1.535 1.000 90008.531
tr[105]    0.230 0.955 -1.336  1.729 1.000 56648.950
tr[106]   -0.216 0.952 -1.710  1.326 1.000 65791.930
tr[107]    0.118 0.942 -1.399  1.607 1.000 74463.223
tr[108]   -0.015 0.943 -1.520  1.499 1.000 91977.303
tr[109]   -0.156 0.946 -1.660  1.379 1.000 80945.922
tr[110]   -0.371 0.987 -1.908  1.241 1.000 20343.267
tr[111]   -0.021 0.941 -1.529  1.472 1.000 87915.604
tr[112]    0.168 0.943 -1.366  1.655 1.000 63183.123
tr[113]    0.003 0.934 -1.490  1.491 1.000 89445.261
tr[114]    0.247 0.957 -1.317  1.733 1.000 44990.765
tr[115]    0.054 0.943 -1.467  1.557 1.000 85429.492
tr[116]    0.210 0.958 -1.341  1.717 1.000 59523.271
tr[117]    0.286 0.960 -1.289  1.775 1.000 39443.066
tr[118]    0.110 0.939 -1.409  1.601 1.000 82119.754
tr[119]    0.198 0.949 -1.345  1.686 1.000 57661.752
tr[120]   -0.214 0.953 -1.699  1.334 1.000 55195.628
tr[121]   -0.355 1.016 -1.957  1.284 1.000 29115.777
tr[122]   -0.323 0.996 -1.901  1.291 1.000 34504.669
tr[123]    0.142 0.971 -1.413  1.681 1.000 82264.505
tr[124]    0.216 0.971 -1.349  1.761 1.000 58762.020
tr[125]    0.170 0.968 -1.387  1.708 1.000 74773.285
tr[126]    0.199 0.983 -1.386  1.752 1.000 63980.696
tr[127]    0.085 0.968 -1.465  1.621 1.000 87599.348
tr[128]    0.213 0.977 -1.349  1.763 1.000 63526.644
tr[129]   -0.395 1.007 -1.992  1.227 1.000 24332.729
sigma[1]   1.442 0.130  1.248  1.663 1.000 24926.318
sigma[2]   0.439 0.075  0.316  0.541 1.001  3618.248
sigma[3]   1.656 0.170  1.408  1.945 1.000 83535.757
sigma[4]   0.596 0.075  0.481  0.714 1.000  8960.234
sigma_loc  0.316 0.183  0.116  0.642 1.000 21762.432
sigma_tr   0.128 0.100  0.010  0.320 1.001  3512.390


==== posterior contrast ====
May mean -- mean: -501.619  median: -392.978  89% PI: [ -1219.584 , -103.224 ]  89% HPDI: [ -998.959 , -31.663 ]
July mean -- mean: -31.439  median: -25.607  89% PI: [ -71.863 , -8.135 ]  89% HPDI: [ -58.951 , -4.133 ]
Change in management contrast, from May to July -- mean: 470.18  median: 365.322  89% PI: [ 88.326 , 1159.051 ]  89% HPDI: [ 27.391 , 961.102 ]
