==== model: The Splitter ====

$likelihood
Dv ~ dlnorm(mu, sigma[cell])

$main_model
mu <- loga[Mg] + gamma * (Mo - 1) + b[Lo] * sigma_loc + yr[Yr] + 
    tr[Tr] * sigma_tr

$gamma_def
gamma <- s_conv + gap_shift * (Mg - 1)

$prior_loga
loga[Mg] ~ dnorm(6, 2)

$prior_b
b[Lo] ~ dnorm(0, 1)

$prior_s
s_conv ~ dnorm(0, 1)

$prior_gs
gap_shift ~ dnorm(0, 1)

$prior_yr
yr[Yr] ~ dnorm(0, 1)

$prior_tr
tr[Tr] ~ dnorm(0, 1)

$pr_sigma
sigma[cell] ~ dexp(2)

$pr_sigma_loc
sigma_loc ~ dexp(2)

$pr_sigma_tr
sigma_tr ~ dexp(2)



==== precis: fit_sim ====

            mean    sd   5.5%  94.5%  rhat  ess_bulk
loga[1]    5.568 0.630  4.563  6.571 1.001 10135.181
loga[2]    5.146 0.633  4.131  6.156 1.001 10151.133
b[1]      -1.051 0.588 -2.023 -0.140 1.000 15713.456
b[2]       0.936 0.607 -0.011  1.936 1.000 13429.368
b[3]      -0.830 0.553 -1.738  0.030 1.000 15384.450
b[4]       0.705 0.568 -0.183  1.629 1.000 13857.766
s_conv     0.299 0.072  0.183  0.414 1.000 38038.445
gap_shift  0.250 0.143  0.023  0.481 1.000 38793.011
yr[1]     -0.205 0.547 -1.079  0.672 1.000 10833.612
yr[2]      0.133 0.546 -0.735  1.007 1.001 10820.946
yr[3]     -0.243 0.545 -1.110  0.631 1.000 10886.449
tr[1]      0.934 0.627 -0.074  1.933 1.001 40579.797
tr[2]     -0.394 0.643 -1.447  0.601 1.000 34251.797
tr[3]     -0.690 0.813 -1.977  0.618 1.000 50730.710
tr[4]     -0.384 0.822 -1.685  0.947 1.000 48402.200
tr[5]     -0.300 0.628 -1.321  0.686 1.000 43851.021
tr[6]      0.446 0.632 -0.541  1.470 1.000 35138.934
tr[7]      0.534 0.809 -0.780  1.818 1.000 46401.143
tr[8]     -0.674 0.818 -1.967  0.621 1.000 45622.188
tr[9]      0.212 0.804 -1.081  1.494 1.000 52418.720
tr[10]    -0.124 0.645 -1.179  0.861 1.000 27484.766
tr[11]    -0.020 0.631 -1.021  0.987 1.000 44336.861
tr[12]    -0.281 0.629 -1.271  0.737 1.001 37461.751
tr[13]     0.196 0.811 -1.110  1.486 1.000 52900.036
tr[14]    -0.582 0.807 -1.858  0.712 1.000 51042.887
tr[15]    -1.108 0.643 -2.135 -0.090 1.000 37683.025
tr[16]     0.568 0.617 -0.419  1.553 1.001 45596.922
tr[17]     0.342 0.649 -0.713  1.356 1.000 35061.560
tr[18]    -0.935 0.646 -1.941  0.115 1.000 31280.669
tr[19]     0.097 0.638 -0.931  1.107 1.000 39472.102
tr[20]     0.283 0.662 -0.742  1.363 1.000 21452.109
tr[21]    -0.763 0.633 -1.741  0.265 1.000 33810.378
tr[22]    -1.021 0.647 -2.031  0.029 1.000 33952.415
tr[23]     0.385 0.804 -0.894  1.657 1.000 51835.996
tr[24]     0.035 0.809 -1.262  1.333 1.000 53029.136
tr[25]     0.761 0.811 -0.548  2.030 1.000 42281.919
tr[26]     0.184 0.810 -1.109  1.482 1.000 49746.511
tr[27]     1.392 0.767  0.146  2.589 1.001  7031.366
tr[28]     1.017 0.646 -0.018  2.033 1.000 37665.659
tr[29]     0.513 0.625 -0.475  1.518 1.001 37905.410
tr[30]    -0.271 0.791 -1.535  0.990 1.000 48929.040
tr[31]    -0.607 0.807 -1.882  0.685 1.000 49082.592
tr[32]    -0.233 0.794 -1.503  1.039 1.000 52696.718
tr[33]     0.249 0.625 -0.747  1.233 1.000 41799.953
tr[34]     0.423 0.808 -0.881  1.703 1.000 50337.383
tr[35]    -0.451 0.810 -1.736  0.835 1.000 53436.981
tr[36]    -0.287 0.638 -1.308  0.734 1.000 45822.891
tr[37]    -0.687 0.661 -1.763  0.350 1.000 24719.442
tr[38]    -0.231 0.673 -1.270  0.874 1.000 13193.516
tr[39]    -0.715 0.813 -2.004  0.590 1.001 44808.732
tr[40]    -0.064 0.795 -1.335  1.205 1.001 49969.090
tr[41]     1.372 0.640  0.365  2.396 1.001 40218.585
tr[42]    -0.243 0.654 -1.260  0.820 1.000 28924.588
tr[43]    -0.691 0.612 -1.670  0.277 1.000 43583.539
tr[44]    -0.013 0.636 -1.021  1.008 1.000 42299.863
tr[45]     0.668 0.644 -0.340  1.712 1.000 36325.686
tr[46]    -1.115 0.669 -2.152 -0.036 1.000 18585.073
tr[47]    -0.561 0.641 -1.599  0.437 1.001 36652.557
tr[48]     0.210 0.828 -1.108  1.543 1.000 46490.663
tr[49]    -0.585 0.624 -1.577  0.416 1.000 44030.590
tr[50]     0.757 0.813 -0.544  2.032 1.000 47515.732
tr[51]     1.036 0.629  0.058  2.057 1.000 35672.130
tr[52]    -0.327 0.627 -1.316  0.678 1.000 41294.868
tr[53]     0.980 0.646 -0.070  1.976 1.000 20128.778
tr[54]     0.260 0.635 -0.748  1.267 1.001 41810.941
tr[55]     0.842 0.806 -0.446  2.128 1.001 46277.780
tr[56]    -0.180 0.814 -1.478  1.131 1.000 48359.042
tr[57]     0.350 0.813 -0.963  1.634 1.000 51962.665
tr[58]     0.060 0.809 -1.238  1.350 1.000 48733.938
tr[59]    -0.007 0.803 -1.287  1.274 1.000 49436.316
tr[60]    -0.086 0.628 -1.095  0.909 1.000 40231.161
tr[61]     0.049 0.622 -0.940  1.044 1.001 40770.115
tr[62]     0.365 0.625 -0.636  1.355 1.001 43751.332
tr[63]    -0.099 0.678 -1.134  1.013 1.000 15066.473
tr[64]     1.188 0.818 -0.138  2.474 1.000 38322.103
tr[65]    -0.527 0.804 -1.797  0.766 1.000 48071.875
tr[66]     0.630 0.686 -0.497  1.689 1.000 17768.701
tr[67]    -1.005 0.820 -2.288  0.319 1.000 44896.397
tr[68]    -0.525 0.802 -1.808  0.753 1.000 51614.169
tr[69]     0.130 0.799 -1.138  1.405 1.000 53497.379
tr[70]     0.200 0.637 -0.835  1.186 1.000 32277.867
tr[71]    -0.387 0.662 -1.404  0.692 1.000 19151.583
tr[72]    -0.285 0.635 -1.302  0.728 1.001 45049.361
tr[73]     0.485 0.803 -0.799  1.767 1.000 51235.899
tr[74]    -0.271 0.807 -1.545  1.027 1.000 50919.049
tr[75]    -0.740 0.812 -2.040  0.570 1.000 46636.255
tr[76]     0.565 0.824 -0.756  1.865 1.000 45888.297
tr[77]     1.112 0.826 -0.222  2.400 1.001 36399.674
tr[78]    -0.873 0.816 -2.159  0.446 1.000 48275.783
tr[79]    -0.486 0.814 -1.782  0.815 1.000 50568.720
tr[80]     0.462 0.635 -0.559  1.472 1.000 41806.642
tr[81]    -0.864 0.638 -1.870  0.177 1.000 41114.870
tr[82]    -0.795 0.625 -1.783  0.212 1.000 42348.171
tr[83]     0.568 0.629 -0.449  1.546 1.000 37827.748
tr[84]     0.954 0.813 -0.347  2.238 1.000 43694.316
tr[85]     0.251 0.843 -1.106  1.587 1.000 44081.415
tr[86]     0.845 0.822 -0.476  2.149 1.000 44960.902
tr[87]    -0.562 0.827 -1.862  0.764 1.001 42054.216
tr[88]    -0.429 0.624 -1.422  0.588 1.000 40168.028
tr[89]    -0.855 0.816 -2.149  0.456 1.000 44278.552
tr[90]     0.249 0.801 -1.037  1.526 1.000 51256.756
tr[91]    -0.379 0.807 -1.650  0.917 1.000 46827.668
tr[92]    -0.219 0.618 -1.207  0.764 1.000 46300.390
tr[93]    -0.470 0.805 -1.738  0.826 1.000 48999.046
tr[94]     0.637 0.812 -0.686  1.918 1.000 45923.279
tr[95]     0.282 0.650 -0.719  1.342 1.000 29552.266
tr[96]     0.576 0.799 -0.710  1.845 1.000 49004.754
tr[97]     0.893 0.684 -0.217  1.953 1.000 16310.031
tr[98]     0.640 0.642 -0.394  1.660 1.000 40752.286
tr[99]    -1.829 0.641 -2.826 -0.784 1.000 34272.578
tr[100]   -0.789 0.628 -1.769  0.226 1.000 34067.454
tr[101]   -0.308 0.803 -1.573  0.973 1.000 50689.470
tr[102]   -0.172 0.810 -1.449  1.127 1.000 51436.564
tr[103]    2.044 0.688  0.918  3.104 1.000 12856.899
tr[104]   -0.949 0.636 -1.936  0.083 1.000 30572.808
tr[105]    0.425 0.632 -0.569  1.442 1.000 39274.263
tr[106]   -1.012 0.650 -2.021  0.053 1.000 24821.539
tr[107]   -0.473 0.805 -1.752  0.830 1.000 48150.415
tr[108]    1.315 0.826 -0.012  2.617 1.000 40292.846
tr[109]   -1.205 0.820 -2.501  0.124 1.000 38254.082
tr[110]    1.513 0.629  0.495  2.504 1.000 39967.061
tr[111]    0.266 0.806 -1.032  1.556 1.000 49707.981
tr[112]    0.181 0.800 -1.104  1.456 1.000 49656.197
tr[113]   -0.323 0.645 -1.329  0.716 1.001 39591.055
tr[114]   -0.478 0.651 -1.529  0.548 1.000 42257.366
tr[115]    0.143 0.629 -0.862  1.152 1.000 43995.904
tr[116]   -0.281 0.804 -1.557  1.014 1.000 48353.116
tr[117]    1.094 0.814 -0.211  2.363 1.000 43793.166
tr[118]   -0.116 0.644 -1.167  0.871 1.000 20401.681
tr[119]    0.324 0.818 -0.999  1.626 1.000 50742.713
tr[120]   -1.160 0.820 -2.451  0.176 1.000 41192.566
sigma[1]   0.486 0.058  0.398  0.583 1.001 10410.457
sigma[2]   0.295 0.069  0.179  0.397 1.005  1771.290
sigma[3]   0.743 0.084  0.618  0.885 1.000 24266.739
sigma[4]   0.568 0.077  0.450  0.694 1.000 12331.203
sigma_loc  0.746 0.298  0.407  1.283 1.000 15240.458
sigma_tr   0.344 0.056  0.254  0.433 1.002  3103.026


==== parameter recovery ====
      param  true post_median  lo89  hi89 covered
1     loga1 5.193       5.564 4.563 6.571    TRUE
2     loga2 4.787       5.146 4.131 6.156    TRUE
3    s_conv 0.350       0.300 0.183 0.414    TRUE
4 gap_shift 0.200       0.248 0.023 0.481    TRUE
5    sigma1 0.472       0.483 0.398 0.583    TRUE
6    sigma2 0.294       0.299 0.179 0.397    TRUE
7    sigma3 0.703       0.737 0.618 0.885    TRUE
8    sigma4 0.555       0.565 0.450 0.694    TRUE
covered: 8 / 8 


==== posterior contrast ====
Median May gap (Organic - Conventional) -- mean: -109.748  median: -86.338  89% PI: [ -260.517 , -26.58 ]  89% HPDI: [ -209.879 , -12.999 ]
Median July gap (Organic - Conventional) -- mean: -67.697  median: -50.665  89% PI: [ -186.691 , -0.563 ]  89% HPDI: [ -157.917 , 10.91 ]
Seasonal change in median gap (July - May) -- mean: 42.051  median: 30.023  89% PI: [ -22.184 , 142.676 ]  89% HPDI: [ -32.596 , 125.382 ]
