==== model: The Splitter ====

$likelihood
Dv ~ dlnorm(mu, sigma[cell])

$main_model
mu <- loga[Mg] + gamma * (Mo - 1) + b[Lo] * sigma_loc + yr[Yr] + 
    tr[Tr] * sigma_tr

$gamma_def
gamma <- s_conv + gap_shift * (Mg - 1)

$prior_loga
loga[Mg] ~ dnorm(6, 2)

$prior_b
b[Lo] ~ dnorm(0, 1)

$prior_s
s_conv ~ dnorm(0, 1)

$prior_gs
gap_shift ~ dnorm(0, 1)

$prior_yr
yr[Yr] ~ dnorm(0, 1)

$prior_tr
tr[Tr] ~ dnorm(0, 1)

$pr_sigma
sigma[cell] ~ dexp(2)

$pr_sigma_loc
sigma_loc ~ dexp(2)

$pr_sigma_tr
sigma_tr ~ dexp(2)



==== precis: fit_sim_ppc1 ====

            mean    sd   5.5%  94.5%  rhat  ess_bulk
loga[1]    5.367 0.622  4.372  6.354 1.001  4191.350
loga[2]    4.943 0.625  3.932  5.937 1.001  4270.438
b[1]      -1.019 0.606 -2.010 -0.070 1.000  6817.751
b[2]       1.050 0.597  0.119  2.030 1.000  6547.818
b[3]      -0.791 0.569 -1.722  0.099 1.000  6980.823
b[4]       0.804 0.562 -0.069  1.721 1.000  6793.407
s_conv     0.299 0.073  0.183  0.416 1.000 16917.025
gap_shift  0.251 0.144  0.024  0.481 1.000 16355.214
yr[1]     -0.067 0.541 -0.932  0.804 1.001  4744.693
yr[2]      0.273 0.541 -0.589  1.138 1.001  4697.810
yr[3]     -0.105 0.541 -0.952  0.767 1.001  4683.764
tr[1]      0.933 0.640 -0.093  1.947 1.001 18816.242
tr[2]     -0.390 0.643 -1.440  0.618 1.000 13966.708
tr[3]     -0.691 0.791 -1.951  0.589 1.000 20905.861
tr[4]     -0.382 0.822 -1.692  0.943 1.001 19316.665
tr[5]     -0.303 0.623 -1.294  0.695 1.000 19270.964
tr[6]      0.450 0.640 -0.552  1.486 1.001 17922.462
tr[7]      0.535 0.812 -0.765  1.821 1.000 22183.939
tr[8]     -0.677 0.819 -1.971  0.643 1.000 22689.496
tr[9]      0.210 0.792 -1.086  1.469 1.001 22462.629
tr[10]    -0.130 0.647 -1.178  0.872 1.000 14630.323
tr[11]    -0.010 0.640 -1.034  0.994 1.000 20634.023
tr[12]    -0.284 0.643 -1.299  0.754 1.001 16604.435
tr[13]     0.183 0.797 -1.077  1.457 1.001 21820.801
tr[14]    -0.581 0.827 -1.898  0.750 1.001 22297.775
tr[15]    -1.106 0.651 -2.138 -0.074 1.000 17347.589
tr[16]     0.563 0.620 -0.436  1.548 1.001 17988.096
tr[17]     0.355 0.662 -0.718  1.382 1.000 17801.504
tr[18]    -0.936 0.646 -1.944  0.104 1.001 14640.179
tr[19]     0.092 0.636 -0.939  1.093 1.001 18951.123
tr[20]     0.280 0.664 -0.746  1.353 1.000 13311.276
tr[21]    -0.767 0.624 -1.746  0.241 1.000 16936.999
tr[22]    -1.023 0.644 -2.022  0.013 1.000 17280.180
tr[23]     0.384 0.816 -0.934  1.671 1.000 24358.649
tr[24]     0.036 0.806 -1.259  1.321 1.001 24228.257
tr[25]     0.763 0.815 -0.561  2.046 1.000 21736.356
tr[26]     0.178 0.804 -1.113  1.468 1.000 23916.295
tr[27]     1.396 0.763  0.140  2.573 1.001  6755.813
tr[28]     1.009 0.644 -0.033  2.029 1.000 18516.476
tr[29]     0.515 0.629 -0.465  1.535 1.001 17702.502
tr[30]    -0.268 0.804 -1.551  1.028 1.000 22842.720
tr[31]    -0.609 0.815 -1.880  0.711 1.000 23396.841
tr[32]    -0.244 0.802 -1.515  1.040 1.001 21383.121
tr[33]     0.253 0.623 -0.743  1.251 1.001 19255.009
tr[34]     0.422 0.799 -0.858  1.699 1.000 23586.679
tr[35]    -0.451 0.798 -1.734  0.840 1.001 23852.601
tr[36]    -0.282 0.617 -1.279  0.698 1.001 20133.907
tr[37]    -0.677 0.665 -1.755  0.349 1.000 14014.786
tr[38]    -0.224 0.671 -1.265  0.874 1.001 10282.340
tr[39]    -0.713 0.819 -1.997  0.631 1.000 21053.031
tr[40]    -0.061 0.803 -1.335  1.226 1.001 25556.545
tr[41]     1.382 0.633  0.383  2.410 1.001 18200.176
tr[42]    -0.236 0.658 -1.257  0.842 1.000 16579.950
tr[43]    -0.709 0.623 -1.700  0.278 1.001 18921.901
tr[44]    -0.015 0.628 -1.010  0.994 1.000 18301.036
tr[45]     0.675 0.645 -0.325  1.709 1.000 16223.319
tr[46]    -1.123 0.675 -2.162 -0.002 1.001 11134.033
tr[47]    -0.561 0.646 -1.597  0.435 1.001 17541.988
tr[48]     0.206 0.829 -1.116  1.524 1.001 21933.159
tr[49]    -0.578 0.638 -1.596  0.445 1.001 18729.976
tr[50]     0.761 0.821 -0.564  2.058 1.000 20006.354
tr[51]     1.043 0.631  0.056  2.062 1.001 16720.898
tr[52]    -0.332 0.625 -1.316  0.673 1.000 17257.638
tr[53]     0.973 0.658 -0.110  1.986 1.001 13049.697
tr[54]     0.254 0.635 -0.754  1.255 1.000 18352.134
tr[55]     0.843 0.806 -0.451  2.122 1.000 19118.559
tr[56]    -0.174 0.806 -1.453  1.110 1.002 23830.908
tr[57]     0.353 0.792 -0.907  1.622 1.000 23291.806
tr[58]     0.052 0.816 -1.249  1.349 1.001 24485.508
tr[59]    -0.011 0.791 -1.285  1.250 1.000 21971.408
tr[60]    -0.079 0.644 -1.110  0.930 1.000 16903.728
tr[61]     0.044 0.623 -0.951  1.039 1.001 18671.283
tr[62]     0.365 0.622 -0.646  1.345 1.001 19681.836
tr[63]    -0.089 0.674 -1.138  1.018 1.001 11283.564
tr[64]     1.191 0.833 -0.159  2.509 1.001 18021.388
tr[65]    -0.524 0.809 -1.798  0.796 1.000 22627.758
tr[66]     0.637 0.670 -0.449  1.682 1.001  9635.481
tr[67]    -0.994 0.813 -2.284  0.316 1.000 20274.688
tr[68]    -0.531 0.816 -1.826  0.768 1.000 22425.334
tr[69]     0.132 0.806 -1.158  1.420 1.000 20986.611
tr[70]     0.205 0.648 -0.844  1.220 1.001 15946.175
tr[71]    -0.392 0.652 -1.401  0.682 1.000 13594.421
tr[72]    -0.281 0.642 -1.317  0.735 1.001 19001.260
tr[73]     0.478 0.813 -0.830  1.769 1.001 23462.114
tr[74]    -0.260 0.806 -1.536  1.028 1.000 24115.881
tr[75]    -0.729 0.821 -2.034  0.595 1.001 20105.521
tr[76]     0.563 0.830 -0.773  1.887 1.001 21152.703
tr[77]     1.109 0.818 -0.203  2.389 1.000 19526.163
tr[78]    -0.863 0.825 -2.179  0.476 1.000 21052.579
tr[79]    -0.482 0.821 -1.781  0.836 1.000 23479.884
tr[80]     0.464 0.626 -0.545  1.443 1.000 18871.119
tr[81]    -0.857 0.640 -1.870  0.171 1.001 17928.116
tr[82]    -0.793 0.632 -1.780  0.208 1.001 18406.567
tr[83]     0.557 0.636 -0.472  1.547 1.001 17207.309
tr[84]     0.955 0.815 -0.334  2.242 1.000 20676.800
tr[85]     0.252 0.837 -1.090  1.597 1.000 19762.074
tr[86]     0.853 0.810 -0.449  2.139 1.000 22055.163
tr[87]    -0.556 0.822 -1.845  0.757 1.000 18556.663
tr[88]    -0.421 0.631 -1.421  0.589 1.001 17556.540
tr[89]    -0.855 0.826 -2.179  0.485 1.001 20077.127
tr[90]     0.246 0.806 -1.037  1.526 1.001 25116.167
tr[91]    -0.379 0.812 -1.659  0.933 1.000 21614.151
tr[92]    -0.228 0.621 -1.251  0.749 1.001 18910.654
tr[93]    -0.475 0.815 -1.770  0.853 1.000 21248.542
tr[94]     0.639 0.807 -0.658  1.941 1.000 20992.859
tr[95]     0.286 0.649 -0.727  1.342 1.000 15139.285
tr[96]     0.579 0.801 -0.690  1.852 1.000 19298.739
tr[97]     0.895 0.674 -0.202  1.934 1.000 10045.390
tr[98]     0.640 0.637 -0.387  1.641 1.001 18886.279
tr[99]    -1.842 0.647 -2.855 -0.790 1.000 16010.628
tr[100]   -0.795 0.633 -1.779  0.225 1.001 17665.143
tr[101]   -0.305 0.806 -1.602  0.987 1.001 23123.677
tr[102]   -0.179 0.813 -1.484  1.129 1.000 24185.451
tr[103]    2.046 0.696  0.883  3.102 1.001  9283.803
tr[104]   -0.957 0.645 -1.970  0.098 1.001 16651.920
tr[105]    0.426 0.642 -0.586  1.448 1.001 17541.273
tr[106]   -1.022 0.664 -2.058  0.045 1.000 14664.108
tr[107]   -0.483 0.819 -1.785  0.814 1.001 18872.266
tr[108]    1.319 0.828 -0.025  2.619 1.000 17552.853
tr[109]   -1.205 0.815 -2.485  0.117 1.001 17998.566
tr[110]    1.504 0.641  0.474  2.502 1.000 17516.945
tr[111]    0.267 0.821 -1.046  1.595 1.000 22361.301
tr[112]    0.186 0.807 -1.095  1.460 1.001 24581.607
tr[113]   -0.310 0.639 -1.312  0.736 1.001 16704.573
tr[114]   -0.485 0.651 -1.529  0.545 1.001 16944.905
tr[115]    0.143 0.627 -0.848  1.135 1.000 19581.873
tr[116]   -0.281 0.816 -1.575  1.030 1.000 21985.175
tr[117]    1.085 0.832 -0.241  2.406 1.000 18461.222
tr[118]   -0.117 0.640 -1.153  0.868 1.000 13699.907
tr[119]    0.326 0.817 -0.988  1.619 1.001 24090.810
tr[120]   -1.162 0.819 -2.461  0.149 1.000 19630.438
sigma[1]   0.484 0.057  0.399  0.579 1.000  8067.568
sigma[2]   0.295 0.066  0.186  0.397 1.004  1796.396
sigma[3]   0.740 0.083  0.617  0.880 1.001 12729.686
sigma[4]   0.568 0.076  0.449  0.692 1.001  6433.366
sigma_loc  0.708 0.265  0.395  1.192 1.001  7619.338
sigma_tr   0.341 0.056  0.252  0.429 1.002  2327.552


==== parameter recovery ====
      param  true post_median  lo89  hi89 covered
1     loga1 5.193       5.370 4.372 6.354    TRUE
2     loga2 4.787       4.948 3.932 5.937    TRUE
3    s_conv 0.350       0.299 0.183 0.416    TRUE
4 gap_shift 0.200       0.252 0.024 0.481    TRUE
5    sigma1 0.472       0.481 0.399 0.579    TRUE
6    sigma2 0.294       0.297 0.186 0.397    TRUE
7    sigma3 0.703       0.736 0.617 0.880    TRUE
8    sigma4 0.555       0.565 0.449 0.692    TRUE
covered: 8 / 8 


==== posterior contrast ====
Median May gap (Organic - Conventional) -- mean: -89.504  median: -70.972  89% PI: [ -210.722 , -22.197 ]  89% HPDI: [ -170.147 , -10.699 ]
Median July gap (Organic - Conventional) -- mean: -55.131  median: -41.772  89% PI: [ -150.434 , -0.326 ]  89% HPDI: [ -126.557 , 10.84 ]
Seasonal change in median gap (July - May) -- mean: 34.373  median: 24.628  89% PI: [ -18.665 , 116.348 ]  89% HPDI: [ -28.645 , 102.029 ]
