==== model: Saruman the Fool ====

$likelihood
Dv ~ dlnorm(mu, sigma[Mg])

$main_model
mu <- loga[Mg] + gamma * (Mo - 1) + yr_eff + cv_eff + tr[Tr] * 
    sigma_tr + b_deg * deg_h_z + b_precip * precip_72h_z + b_seq * 
    seq_depth_z

$gamma_def
gamma <- s_conv + gap_shift * (Mg - 1)

$prior_loga
loga[Mg] ~ dnorm(5, 2)

$prior_s
s_conv ~ dnorm(0, 1)

$prior_gs
gap_shift ~ dnorm(0, 1)

$pr_sigma
sigma[Mg] ~ dhalfnorm(0, 1)

$yr_eff_def
yr_eff <- yr1 * (Yr == 1) + yr2 * (Yr == 2) - (yr1 + yr2) * (Yr == 
    3)

$prior_yr1
yr1 ~ dnorm(0, 1)

$prior_yr2
yr2 ~ dnorm(0, 1)

$prior_deg
b_deg ~ dnorm(0, 1)

$prior_precip
b_precip ~ dnorm(0, 1)

$prior_seq
b_seq ~ dnorm(0, 1)

$cv_eff_def
cv_eff <- cv_1 * (Cv == 1) + cv_3 * (Cv == 3) + cv_4 * (Cv == 
    4) + cv_5 * (Cv == 5) - (cv_1 + cv_3 + cv_4 + cv_5) * (Cv == 
    2)

$prior_cv1
cv_1 ~ dnorm(0, 1)

$prior_cv3
cv_3 ~ dnorm(0, 1)

$prior_cv4
cv_4 ~ dnorm(0, 1)

$prior_cv5
cv_5 ~ dnorm(0, 1)

$prior_tr
tr[Tr] ~ dnorm(0, 1)

$pr_sigma_tr
sigma_tr ~ dhalfnorm(0, 1)



==== precis: fit_sim ====

            mean    sd   5.5%  94.5%  rhat  ess_bulk ess_ratio
loga[1]    5.104 0.077  4.983  5.226 1.000  9484.068     0.632
loga[2]    4.802 0.116  4.616  4.987 1.000 13295.090     0.886
s_conv     0.547 0.083  0.417  0.681 1.000 13627.682     0.909
gap_shift -0.074 0.166 -0.340  0.193 1.000 13193.609     0.880
sigma[1]   0.465 0.043  0.401  0.538 1.001  5207.032     0.347
sigma[2]   0.789 0.068  0.686  0.902 1.000  7457.099     0.497
yr1        0.033 0.072 -0.080  0.148 1.001  9895.818     0.660
yr2        0.377 0.074  0.259  0.493 1.000  9587.084     0.639
b_deg      0.193 0.041  0.128  0.259 1.000 13733.101     0.916
b_precip  -0.225 0.043 -0.293 -0.157 1.000 17878.361     1.192
b_seq      0.322 0.039  0.260  0.383 1.000 16084.561     1.072
cv_1       0.248 0.098  0.094  0.403 1.001 10190.534     0.679
cv_3      -0.142 0.098 -0.297  0.017 1.000 10827.882     0.722
cv_4       0.206 0.116  0.023  0.391 1.000 10552.985     0.704
cv_5      -0.168 0.100 -0.329 -0.009 1.000  9846.429     0.656
tr[1]      0.028 0.745 -1.162  1.208 1.000 18869.305     1.258
tr[2]     -0.419 0.720 -1.561  0.731 1.001 20407.743     1.361
tr[3]      0.630 0.728 -0.531  1.791 1.001 20233.596     1.349
tr[4]     -0.383 0.734 -1.537  0.786 1.001 19746.425     1.316
tr[5]      0.596 0.872 -0.825  1.975 1.000 20820.445     1.388
tr[6]     -0.016 0.737 -1.195  1.167 1.000 20921.311     1.395
tr[7]     -1.564 0.767 -2.755 -0.321 1.001 13190.072     0.879
tr[8]     -0.060 0.857 -1.418  1.295 1.001 23796.284     1.586
tr[9]      0.039 0.858 -1.321  1.410 1.000 24034.928     1.602
tr[10]     0.739 0.719 -0.408  1.877 1.001 20464.036     1.364
tr[11]     0.844 0.728 -0.323  1.984 1.001 19194.879     1.280
tr[12]     0.245 0.870 -1.170  1.633 1.000 21891.026     1.459
tr[13]     0.173 0.864 -1.222  1.547 1.000 22258.455     1.484
tr[14]     0.087 0.875 -1.308  1.480 1.001 23059.966     1.537
tr[15]     0.226 0.845 -1.129  1.566 1.001 23252.328     1.550
tr[16]    -0.032 0.719 -1.176  1.107 1.000 20508.780     1.367
tr[17]    -0.464 0.739 -1.643  0.721 1.001 22197.041     1.480
tr[18]     0.419 0.863 -0.973  1.790 1.000 23564.546     1.571
tr[19]     0.031 0.731 -1.126  1.196 1.001 20627.166     1.375
tr[20]    -0.037 0.867 -1.420  1.374 1.001 25950.198     1.730
tr[21]     1.635 0.752  0.421  2.816 1.000 14402.661     0.960
tr[22]     0.111 0.855 -1.251  1.470 1.000 24877.462     1.658
tr[23]     0.659 0.746 -0.550  1.842 1.000 18689.152     1.246
tr[24]     0.850 0.883 -0.560  2.233 1.001 19819.598     1.321
tr[25]    -0.724 0.873 -2.111  0.696 1.000 21354.274     1.424
tr[26]    -0.199 0.858 -1.543  1.179 1.001 22439.649     1.496
tr[27]     0.679 0.876 -0.738  2.084 1.000 22571.656     1.505
tr[28]    -0.361 0.867 -1.751  1.037 1.001 24371.786     1.625
tr[29]     0.883 0.735 -0.303  2.028 1.000 16787.122     1.119
tr[30]     0.011 0.864 -1.353  1.394 1.000 22534.413     1.502
tr[31]    -0.319 0.872 -1.711  1.072 1.000 24740.583     1.649
tr[32]    -0.047 0.847 -1.403  1.315 1.000 23358.334     1.557
tr[33]    -1.467 0.745 -2.622 -0.283 1.001 17042.509     1.136
tr[34]     0.478 0.741 -0.710  1.653 1.001 19912.341     1.327
tr[35]    -1.056 0.732 -2.203  0.116 1.000 18903.957     1.260
tr[36]     0.292 0.726 -0.872  1.460 1.001 22037.565     1.469
tr[37]     0.273 0.741 -0.924  1.452 1.000 20370.528     1.358
tr[38]    -0.390 0.875 -1.783  1.012 1.000 23507.297     1.567
tr[39]    -0.263 0.731 -1.447  0.909 1.001 22879.324     1.525
tr[40]     0.692 0.744 -0.496  1.873 1.000 19033.951     1.269
tr[41]     0.701 0.744 -0.493  1.883 1.000 20682.354     1.379
tr[42]     0.443 0.848 -0.913  1.797 1.000 22768.951     1.518
tr[43]    -0.090 0.858 -1.460  1.269 1.000 21075.368     1.405
tr[44]    -0.754 0.878 -2.117  0.679 1.000 19804.126     1.320
tr[45]    -0.293 0.749 -1.489  0.912 1.001 19938.013     1.329
tr[46]    -0.621 0.872 -2.008  0.771 1.000 22350.894     1.490
tr[47]    -0.151 0.720 -1.302  0.989 1.000 21532.675     1.436
tr[48]    -0.170 0.850 -1.515  1.185 1.000 22265.323     1.484
tr[49]    -0.302 0.866 -1.694  1.083 1.001 22430.982     1.495
tr[50]    -0.006 0.716 -1.139  1.128 1.000 21888.510     1.459
tr[51]     0.624 0.864 -0.769  1.991 1.001 19893.356     1.326
tr[52]     0.606 0.864 -0.760  1.985 1.000 21986.946     1.466
tr[53]     0.603 0.874 -0.792  1.973 1.000 21651.315     1.443
tr[54]    -0.778 0.868 -2.138  0.633 1.000 21144.912     1.410
tr[55]     0.127 0.725 -1.028  1.278 1.001 19506.951     1.300
tr[56]    -0.508 0.745 -1.685  0.670 1.000 16916.513     1.128
tr[57]    -0.016 0.711 -1.139  1.121 1.001 21448.679     1.430
tr[58]    -0.126 0.729 -1.275  1.042 1.002 19092.743     1.273
tr[59]     0.502 0.736 -0.683  1.672 1.001 18977.258     1.265
tr[60]     0.821 0.725 -0.351  1.957 1.000 20012.685     1.334
tr[61]    -0.100 0.728 -1.270  1.057 1.000 22571.665     1.505
tr[62]     0.047 0.719 -1.106  1.200 1.001 22146.653     1.476
tr[63]     0.622 0.734 -0.538  1.787 1.000 19709.610     1.314
tr[64]    -0.468 0.711 -1.595  0.670 1.001 19845.439     1.323
tr[65]    -0.770 0.882 -2.171  0.665 1.000 20351.155     1.357
tr[66]     0.311 0.745 -0.895  1.492 1.000 19007.081     1.267
tr[67]    -0.193 0.856 -1.556  1.174 1.000 25334.918     1.689
tr[68]    -0.816 0.740 -1.984  0.371 1.000 20999.237     1.400
tr[69]     0.069 0.858 -1.294  1.450 1.001 22158.099     1.477
tr[70]    -0.727 0.729 -1.882  0.433 1.000 20991.054     1.399
tr[71]     0.835 0.877 -0.566  2.218 1.001 18516.353     1.234
tr[72]    -0.598 0.728 -1.759  0.554 1.001 19027.978     1.269
tr[73]    -0.943 0.881 -2.319  0.484 1.001 18414.825     1.228
tr[74]     0.119 0.865 -1.277  1.504 1.000 24533.996     1.636
tr[75]    -0.759 0.852 -2.116  0.623 1.000 20098.960     1.340
tr[76]     0.340 0.732 -0.841  1.509 1.000 21690.955     1.446
tr[77]     0.446 0.873 -0.961  1.852 1.001 23081.247     1.539
tr[78]    -0.573 0.868 -1.968  0.832 1.001 21008.286     1.401
tr[79]    -0.576 0.872 -1.971  0.829 1.000 20630.777     1.375
tr[80]    -0.051 0.861 -1.425  1.315 1.001 22736.750     1.516
tr[81]     0.284 0.724 -0.887  1.436 1.000 17895.876     1.193
tr[82]     0.575 0.868 -0.822  1.946 1.001 21224.808     1.415
tr[83]     0.177 0.729 -0.979  1.341 1.000 22171.574     1.478
tr[84]    -0.314 0.729 -1.464  0.851 1.002 19099.782     1.273
tr[85]    -0.148 0.843 -1.492  1.204 1.000 22012.228     1.467
tr[86]    -0.394 0.842 -1.742  0.950 1.001 21639.516     1.443
tr[87]     0.649 0.849 -0.724  2.017 1.000 19491.900     1.299
tr[88]    -0.937 0.741 -2.115  0.263 1.000 18133.643     1.209
tr[89]     0.245 0.866 -1.140  1.644 1.000 23067.055     1.538
tr[90]     0.164 0.865 -1.224  1.532 1.001 23699.000     1.580
tr[91]    -0.455 0.876 -1.835  0.941 1.001 23511.959     1.567
tr[92]     0.668 0.868 -0.719  2.025 1.000 19390.178     1.293
tr[93]     1.043 0.891 -0.400  2.447 1.001 18591.457     1.239
tr[94]     0.365 0.719 -0.787  1.498 1.001 20792.861     1.386
tr[95]     0.364 0.746 -0.829  1.556 1.000 18720.793     1.248
tr[96]     0.933 0.877 -0.473  2.318 1.000 18501.218     1.233
tr[97]    -0.775 0.726 -1.922  0.403 1.001 19687.669     1.313
tr[98]     0.689 0.876 -0.747  2.088 1.001 20787.521     1.386
tr[99]    -0.321 0.716 -1.465  0.828 1.001 20172.901     1.345
tr[100]    0.446 0.872 -0.951  1.826 1.000 22824.790     1.522
tr[101]    1.480 0.769  0.224  2.692 1.001 15536.120     1.036
tr[102]    0.236 0.729 -0.925  1.407 1.000 20158.578     1.344
tr[103]   -0.088 0.727 -1.239  1.071 1.001 22017.532     1.468
tr[104]   -0.163 0.846 -1.505  1.203 1.000 24356.759     1.624
tr[105]   -1.005 0.736 -2.174  0.175 1.000 16995.563     1.133
tr[106]    0.088 0.726 -1.069  1.238 1.001 21150.361     1.410
tr[107]   -0.451 0.856 -1.805  0.946 1.000 23156.768     1.544
tr[108]    0.234 0.730 -0.918  1.390 1.000 22907.676     1.527
tr[109]   -0.837 0.730 -1.994  0.343 1.000 19967.452     1.331
tr[110]   -0.430 0.856 -1.778  0.947 1.000 21767.262     1.451
tr[111]    0.205 0.858 -1.164  1.577 1.000 22216.562     1.481
tr[112]   -0.259 0.727 -1.418  0.907 1.000 19341.954     1.289
tr[113]   -0.779 0.753 -1.974  0.426 1.000 15507.065     1.034
tr[114]   -0.325 0.722 -1.468  0.824 1.000 21843.295     1.456
tr[115]   -1.353 0.905 -2.776  0.125 1.000 16754.481     1.117
tr[116]    0.791 0.739 -0.390  1.955 1.000 19928.608     1.329
tr[117]   -0.687 0.733 -1.840  0.465 1.000 20644.218     1.376
tr[118]    0.313 0.745 -0.888  1.494 1.000 18221.843     1.215
tr[119]   -0.621 0.880 -2.012  0.783 1.000 22477.325     1.498
tr[120]    0.843 0.740 -0.336  2.018 1.001 20801.296     1.387
sigma_tr   0.343 0.072  0.225  0.450 1.002  2946.264     0.196


==== parameter recovery ====
       param   true post_median   lo89   hi89 covered
1      loga1  5.193       5.104  4.983  5.226    TRUE
2      loga2  4.787       4.802  4.616  4.987    TRUE
3     s_conv  0.350       0.547  0.417  0.681   FALSE
4  gap_shift  0.200      -0.074 -0.340  0.193   FALSE
5     sigma1  0.472       0.461  0.401  0.538    TRUE
6     sigma2  0.703       0.786  0.686  0.902    TRUE
7   sigma_tr  0.300       0.346  0.225  0.450    TRUE
8        yr1  0.100       0.033 -0.080  0.148    TRUE
9        yr2  0.300       0.377  0.259  0.493    TRUE
10      cv_1  0.200       0.248  0.094  0.403    TRUE
11      cv_3 -0.150      -0.141 -0.297  0.017    TRUE
12      cv_4  0.100       0.206  0.023  0.391    TRUE
13      cv_5 -0.100      -0.167 -0.329 -0.009    TRUE
14     b_deg  0.200       0.193  0.128  0.259    TRUE
15  b_precip -0.150      -0.225 -0.293 -0.157   FALSE
16     b_seq  0.300       0.322  0.260  0.383    TRUE
covered: 13 / 16 


==== posterior contrast ====
Median May gap (Organic - Conventional) -- mean: -42.608  median: -42.904  89% PI: [ -72.873 , -11.707 ]  89% HPDI: [ -72.804 , -11.627 ]
Median July gap (Organic - Conventional) -- mean: -88.836  median: -89.096  89% PI: [ -137.698 , -38.743 ]  89% HPDI: [ -137.534 , -38.576 ]
Seasonal change in median gap (July - May) -- mean: -46.228  median: -46.267  89% PI: [ -95.347 , 4.475 ]  89% HPDI: [ -98.106 , 1.574 ]
