==== model: The Splitter ====

$likelihood
Dv ~ dlnorm(mu, sigma[cell])

$main_model
mu <- loga[Mg] + gamma * (Mo - 1) + b[Lo] * sigma_loc + yr[Yr] + 
    tr[Tr] * sigma_tr

$gamma_def
gamma <- s_conv + gap_shift * (Mg - 1)

$prior_loga
loga[Mg] ~ dnorm(2, 2)

$prior_b
b[Lo] ~ dnorm(0, 1)

$prior_s
s_conv ~ dnorm(0, 1)

$prior_gs
gap_shift ~ dnorm(0, 1)

$prior_yr
yr[Yr] ~ dnorm(0, 1)

$prior_tr
tr[Tr] ~ dnorm(0, 1)

$pr_sigma
sigma[cell] ~ dexp(3)

$pr_sigma_loc
sigma_loc ~ dexp(2)

$pr_sigma_tr
sigma_tr ~ dexp(2)



==== precis: fit_MDLS2 ====

            mean    sd   5.5%  94.5%  rhat  ess_bulk
loga[1]    2.723 0.572  1.811  3.638 1.000 15972.100
loga[2]    2.167 0.578  1.244  3.093 1.000 16316.755
b[1]      -0.010 0.540 -0.875  0.846 1.000 27088.697
b[2]       0.239 0.522 -0.593  1.074 1.000 25715.863
b[3]       1.031 0.640  0.049  2.080 1.000 26904.323
b[4]      -1.142 0.688 -2.284 -0.080 1.000 27960.753
s_conv    -1.523 0.092 -1.670 -1.375 1.000 58160.080
gap_shift  1.709 0.150  1.469  1.949 1.000 58793.994
yr[1]      0.033 0.534 -0.823  0.888 1.000 17089.414
yr[2]      0.101 0.532 -0.750  0.950 1.000 16991.171
yr[3]      0.085 0.533 -0.768  0.933 1.000 16953.285
tr[1]      0.155 0.976 -1.413  1.710 1.000 82308.764
tr[2]      0.104 0.972 -1.450  1.639 1.000 88595.295
tr[3]      0.149 0.973 -1.409  1.713 1.000 85289.355
tr[4]      0.077 0.975 -1.482  1.625 1.000 88966.889
tr[5]     -0.071 0.971 -1.624  1.480 1.000 90135.068
tr[6]     -0.069 0.976 -1.616  1.500 1.000 96610.962
tr[7]      0.209 0.984 -1.367  1.775 1.000 72468.593
tr[8]      0.198 0.975 -1.367  1.752 1.000 75002.623
tr[9]      0.096 0.977 -1.460  1.653 1.000 89499.834
tr[10]     0.083 0.976 -1.485  1.636 1.000 86939.645
tr[11]     0.143 0.979 -1.416  1.704 1.000 83775.140
tr[12]     0.111 0.969 -1.450  1.656 1.000 84252.795
tr[13]     0.225 0.990 -1.368  1.796 1.000 71542.451
tr[14]     0.283 0.997 -1.323  1.863 1.000 56461.604
tr[15]     0.251 0.988 -1.343  1.817 1.000 63200.393
tr[16]    -0.016 0.980 -1.580  1.541 1.000 92062.812
tr[17]    -0.323 0.999 -1.910  1.267 1.000 55036.273
tr[18]    -0.157 0.977 -1.714  1.403 1.000 78821.805
tr[19]     0.201 0.950 -1.339  1.693 1.000 50293.512
tr[20]     0.075 0.930 -1.435  1.535 1.000 72227.456
tr[21]     0.196 0.942 -1.333  1.678 1.000 66841.769
tr[22]    -0.593 1.043 -2.229  1.105 1.001 12522.023
tr[23]    -0.172 0.936 -1.638  1.344 1.000 58606.594
tr[24]     0.189 0.946 -1.353  1.681 1.000 62572.767
tr[25]    -0.425 0.967 -1.925  1.172 1.000 31510.145
tr[26]    -0.576 1.020 -2.146  1.100 1.000 17883.589
tr[27]    -0.345 0.963 -1.833  1.236 1.000 34732.678
tr[28]     0.155 0.991 -1.421  1.741 1.000 79710.641
tr[29]     0.053 0.976 -1.505  1.608 1.000 91274.781
tr[30]     0.120 0.977 -1.444  1.672 1.000 84685.947
tr[31]     0.315 0.990 -1.289  1.873 1.000 53930.486
tr[32]     0.314 0.996 -1.288  1.900 1.000 56105.704
tr[33]    -0.020 0.969 -1.568  1.531 1.000 91146.701
tr[34]     0.107 0.970 -1.443  1.648 1.000 92988.052
tr[35]     0.121 0.970 -1.429  1.669 1.000 89065.245
tr[36]    -0.122 0.973 -1.679  1.436 1.000 90528.039
tr[37]     0.065 0.930 -1.425  1.549 1.000 86025.015
tr[38]    -0.137 0.940 -1.618  1.386 1.000 56945.057
tr[39]     0.228 0.946 -1.312  1.713 1.000 61456.786
tr[40]     0.232 0.945 -1.289  1.727 1.000 67192.668
tr[41]     0.278 0.957 -1.282  1.779 1.000 56215.805
tr[42]     0.233 0.946 -1.302  1.711 1.000 63599.442
tr[43]    -0.320 0.951 -1.805  1.228 1.000 47043.390
tr[44]    -0.229 0.937 -1.706  1.302 1.000 67847.520
tr[45]    -0.396 0.969 -1.899  1.192 1.000 35937.207
tr[46]    -0.171 0.943 -1.641  1.362 1.000 45234.126
tr[47]    -0.131 0.944 -1.616  1.398 1.000 70095.907
tr[48]    -0.688 1.081 -2.409  1.064 1.001 10052.180
tr[49]     0.238 0.984 -1.352  1.808 1.000 64776.010
tr[50]     0.115 0.974 -1.450  1.671 1.000 85258.709
tr[51]     0.140 0.978 -1.421  1.712 1.000 84889.820
tr[52]     0.228 0.979 -1.335  1.788 1.000 63996.119
tr[53]     0.213 0.993 -1.381  1.799 1.000 71673.276
tr[54]     0.166 0.984 -1.412  1.730 1.000 84981.247
tr[55]    -0.063 0.980 -1.624  1.504 1.000 97323.781
tr[56]    -0.022 0.971 -1.580  1.528 1.000 96498.355
tr[57]    -0.282 1.001 -1.877  1.329 1.000 65946.804
tr[58]    -0.213 0.984 -1.778  1.362 1.000 71236.619
tr[59]    -0.188 0.993 -1.773  1.394 1.000 75215.137
tr[60]     0.046 0.986 -1.532  1.621 1.000 91795.837
tr[61]     0.048 0.968 -1.499  1.596 1.000 89800.355
tr[62]     0.088 0.998 -1.515  1.682 1.000 89502.338
tr[63]    -0.029 0.970 -1.579  1.517 1.000 94717.221
tr[64]    -0.059 0.973 -1.615  1.497 1.000 92874.421
tr[65]    -0.207 0.974 -1.755  1.353 1.000 81424.358
tr[66]    -0.318 1.004 -1.917  1.287 1.000 55969.110
tr[67]     0.227 0.983 -1.358  1.783 1.000 69557.636
tr[68]    -0.050 0.978 -1.607  1.520 1.000 91629.799
tr[69]    -0.115 0.978 -1.668  1.457 1.000 89080.869
tr[70]     0.045 0.926 -1.454  1.519 1.000 89476.814
tr[71]     0.175 0.939 -1.352  1.644 1.000 64901.282
tr[72]     0.245 0.949 -1.314  1.720 1.000 43942.149
tr[73]    -0.098 0.922 -1.553  1.401 1.000 82080.351
tr[74]    -0.230 0.949 -1.713  1.318 1.000 49620.087
tr[75]    -0.021 0.935 -1.516  1.476 1.000 84443.134
tr[76]     0.019 0.922 -1.457  1.490 1.000 83337.360
tr[77]     0.083 0.925 -1.411  1.543 1.000 81757.019
tr[78]    -0.171 0.933 -1.647  1.341 1.000 77415.942
tr[79]     0.017 0.979 -1.549  1.574 1.000 94133.004
tr[80]    -0.243 0.983 -1.799  1.342 1.000 64167.298
tr[81]    -0.221 0.992 -1.805  1.373 1.000 70181.327
tr[82]    -0.077 0.967 -1.616  1.487 1.000 91685.140
tr[83]    -0.166 0.972 -1.714  1.393 1.000 80369.425
tr[84]    -0.191 0.978 -1.749  1.377 1.000 76244.389
tr[85]    -0.315 0.988 -1.880  1.275 1.000 51110.285
tr[86]    -0.377 1.000 -1.962  1.229 1.000 46577.908
tr[87]    -0.307 0.987 -1.876  1.268 1.000 52858.114
tr[88]     0.030 0.931 -1.452  1.520 1.000 84241.558
tr[89]     0.113 0.937 -1.395  1.602 1.000 79779.850
tr[90]     0.280 0.957 -1.291  1.762 1.000 41821.406
tr[91]     0.120 0.934 -1.388  1.601 1.000 80437.265
tr[92]     0.299 0.951 -1.257  1.778 1.000 32289.657
tr[93]    -0.044 0.933 -1.541  1.459 1.000 83014.553
tr[94]    -0.391 0.969 -1.895  1.189 1.000 29543.341
tr[95]    -0.494 0.995 -2.038  1.145 1.000 21265.561
tr[96]    -0.273 0.956 -1.756  1.294 1.000 54253.015
tr[97]     0.554 1.034 -1.133  2.172 1.000 14650.447
tr[98]     0.541 1.027 -1.128  2.147 1.001 15565.394
tr[99]     0.076 0.933 -1.436  1.554 1.000 79551.295
tr[100]    0.010 0.964 -1.527  1.548 1.000 88920.724
tr[101]   -0.048 0.975 -1.604  1.507 1.000 92839.142
tr[102]    0.172 0.979 -1.385  1.727 1.000 79653.814
tr[103]   -0.073 0.971 -1.616  1.491 1.000 88020.703
tr[104]    0.238 0.982 -1.345  1.802 1.000 72153.385
tr[105]    0.257 0.989 -1.330  1.821 1.000 72318.813
tr[106]   -0.171 0.981 -1.730  1.402 1.000 75034.592
tr[107]    0.010 0.975 -1.543  1.578 1.000 96079.269
tr[108]   -0.008 0.967 -1.539  1.539 1.000 88414.044
tr[109]   -0.081 0.972 -1.622  1.479 1.000 84549.851
tr[110]   -0.136 0.980 -1.690  1.435 1.000 82518.644
tr[111]   -0.301 0.999 -1.893  1.312 1.000 50553.599
tr[112]   -0.073 0.979 -1.635  1.498 1.000 89460.914
tr[113]   -0.089 0.971 -1.636  1.469 1.000 90425.395
tr[114]   -0.217 0.983 -1.778  1.364 1.000 73190.107
tr[115]   -0.188 0.988 -1.770  1.388 1.000 73879.539
tr[116]   -0.068 0.970 -1.621  1.485 1.000 88283.845
tr[117]    0.081 0.964 -1.455  1.610 1.000 87670.782
tr[118]    0.088 0.978 -1.482  1.644 1.000 96316.213
tr[119]   -0.181 0.984 -1.745  1.397 1.000 81777.285
tr[120]    0.243 0.987 -1.337  1.813 1.000 72722.583
tr[121]    0.175 0.935 -1.343  1.651 1.000 68756.469
tr[122]    0.031 0.927 -1.449  1.522 1.000 86483.425
tr[123]    0.074 0.928 -1.413  1.557 1.001 85742.506
tr[124]    0.400 0.971 -1.183  1.913 1.000 39564.469
tr[125]    0.541 1.001 -1.107  2.094 1.000 22055.821
tr[126]    0.211 0.935 -1.305  1.688 1.000 69170.440
tr[127]    0.084 0.930 -1.415  1.567 1.000 81409.633
tr[128]    0.139 0.927 -1.363  1.600 1.000 75988.030
tr[129]   -0.026 0.926 -1.490  1.463 1.000 82701.117
sigma[1]   0.645 0.057  0.561  0.741 1.000 78810.866
sigma[2]   0.456 0.049  0.382  0.538 1.000 50200.023
sigma[3]   0.803 0.086  0.677  0.950 1.000 58178.899
sigma[4]   0.241 0.052  0.157  0.319 1.002  4445.137
sigma_loc  0.428 0.212  0.206  0.809 1.000 27183.193
sigma_tr   0.077 0.055  0.007  0.180 1.002  4193.737


==== posterior contrast ====
May mean -- mean: -8.97  median: -7.039  89% PI: [ -21.435 , -1.842 ]  89% HPDI: [ -17.361 , -0.417 ]
July mean -- mean: 9.65  median: 7.94  89% PI: [ 3.215 , 20.523 ]  89% HPDI: [ 1.956 , 16.756 ]
Change in management contrast, from May to July -- mean: 18.62  median: 15.157  89% PI: [ 5.812 , 40.646 ]  89% HPDI: [ 3.568 , 33.013 ]
