==== model: model ====

$likelihood
Dv ~ dlnorm(mu, sigma[cell])

$main_model
mu <- loga[Mg] + gamma * (Mo - 1) + b[Lo] * sigma_loc + c[Yr] + 
    tr[Tr] * sigma_tr

$gamma_def
gamma <- s + gap_shift * (Mg - 1)

$prior_loga
loga[Mg] ~ dnorm(2, 2)

$prior_b
b[Lo] ~ dnorm(0, 1)

$prior_s
s ~ dnorm(0, 1)

$prior_gs
gap_shift ~ dnorm(0, 1)

$prior_c
c[Yr] ~ dnorm(0, 1)

$prior_tr
tr[Tr] ~ dnorm(0, 1)

$pr_sigma
sigma[cell] ~ dexp(3)

$pr_sigma_loc
sigma_loc ~ dexp(2)

$pr_sigma_tr
sigma_tr ~ dexp(2)



==== precis: fit_sim ====

            mean    sd   5.5% 94.5%  rhat  ess_bulk
loga[1]    1.421 0.571  0.502 2.339 1.000 16258.397
loga[2]    1.915 0.575  0.994 2.834 1.000 16412.124
b[1]      -0.822 0.631 -1.868 0.145 1.000 29834.570
b[2]       1.208 0.705  0.130 2.385 1.000 28471.894
b[3]      -0.131 0.550 -1.014 0.738 1.000 29376.396
b[4]      -0.316 0.560 -1.223 0.560 1.000 28828.029
s          0.243 0.092  0.096 0.390 1.000 59641.978
gap_shift  0.361 0.176  0.081 0.641 1.000 58066.034
c[1]       0.011 0.540 -0.846 0.877 1.000 16954.023
c[2]       0.053 0.542 -0.813 0.917 1.000 17037.142
c[3]      -0.227 0.539 -1.087 0.637 1.000 16985.071
tr[1]      0.511 0.844 -0.879 1.808 1.000 45894.776
tr[2]      0.555 0.956 -0.984 2.079 1.000 40488.629
tr[3]      0.144 0.940 -1.369 1.641 1.000 80447.901
tr[4]     -0.190 0.827 -1.504 1.152 1.000 79236.282
tr[5]      0.148 0.935 -1.336 1.633 1.000 76183.354
tr[6]     -0.789 0.873 -2.120 0.664 1.000 29109.936
tr[7]     -0.422 0.947 -1.920 1.091 1.000 57812.251
tr[8]     -0.300 0.837 -1.595 1.077 1.000 37791.140
tr[9]     -0.351 0.942 -1.840 1.151 1.000 68927.010
tr[10]    -0.042 0.830 -1.349 1.294 1.000 78205.173
tr[11]    -0.618 0.844 -1.911 0.793 1.000 35328.063
tr[12]     0.152 0.934 -1.340 1.638 1.000 76734.611
tr[13]     0.242 0.811 -1.064 1.519 1.000 77248.267
tr[14]     0.384 0.827 -0.975 1.659 1.000 49713.910
tr[15]     0.201 0.832 -1.139 1.524 1.000 77971.021
tr[16]     0.470 0.948 -1.055 1.960 1.000 51614.119
tr[17]     0.116 0.941 -1.391 1.613 1.000 82389.039
tr[18]     0.308 0.833 -1.061 1.596 1.000 50103.197
tr[19]     0.630 0.850 -0.784 1.926 1.000 33942.964
tr[20]    -0.939 0.878 -2.263 0.533 1.000 23866.162
tr[21]     0.721 0.853 -0.678 2.029 1.000 40084.779
tr[22]    -0.111 0.933 -1.605 1.392 1.001 80064.794
tr[23]    -0.003 0.929 -1.486 1.476 1.000 86283.255
tr[24]     0.529 0.953 -0.991 2.024 1.000 49412.320
tr[25]     0.143 0.818 -1.163 1.445 1.000 84210.396
tr[26]     0.003 0.925 -1.465 1.478 1.000 80302.021
tr[27]    -0.203 0.838 -1.505 1.163 1.000 61523.954
tr[28]     0.598 0.964 -0.945 2.115 1.000 39876.075
tr[29]    -0.432 0.944 -1.923 1.071 1.000 59789.683
tr[30]     1.142 0.923 -0.434 2.506 1.000 16236.829
tr[31]     0.273 0.828 -1.062 1.588 1.001 72648.053
tr[32]     0.170 0.819 -1.147 1.458 1.000 75504.950
tr[33]     0.383 0.850 -1.022 1.685 1.000 30388.120
tr[34]     0.278 0.944 -1.240 1.775 1.000 70391.691
tr[35]    -0.099 0.816 -1.380 1.211 1.000 82087.793
tr[36]     0.216 0.944 -1.298 1.716 1.000 72845.989
tr[37]    -0.480 0.841 -1.764 0.910 1.000 46515.027
tr[38]     0.523 0.839 -0.862 1.808 1.000 38303.319
tr[39]    -0.086 0.933 -1.567 1.396 1.000 80348.977
tr[40]    -0.217 0.938 -1.716 1.279 1.000 75543.450
tr[41]     0.151 0.814 -1.154 1.450 1.000 84797.390
tr[42]    -0.060 0.937 -1.564 1.445 1.000 80319.033
tr[43]    -0.325 0.838 -1.615 1.054 1.000 51805.132
tr[44]    -0.288 0.945 -1.780 1.235 1.000 69963.730
tr[45]    -0.195 0.816 -1.486 1.125 1.000 78973.988
tr[46]     0.365 0.839 -1.000 1.686 1.001 77331.662
tr[47]     0.659 0.837 -0.720 1.954 1.000 46757.278
tr[48]     0.236 0.828 -1.093 1.538 1.000 77388.283
tr[49]    -0.079 0.928 -1.564 1.407 1.000 83684.009
tr[50]    -0.687 0.876 -2.014 0.771 1.000 27445.927
tr[51]     0.182 0.942 -1.342 1.681 1.000 73685.094
tr[52]     0.181 0.843 -1.135 1.554 1.000 45435.644
tr[53]     0.352 0.941 -1.164 1.845 1.000 64539.008
tr[54]    -0.063 0.931 -1.560 1.430 1.000 87487.647
tr[55]     0.012 0.926 -1.476 1.497 1.000 85592.343
tr[56]     0.166 0.939 -1.347 1.663 1.000 84673.890
tr[57]     1.041 0.918 -0.508 2.401 1.000 15931.768
tr[58]     0.229 0.839 -1.145 1.513 1.000 43196.555
tr[59]     0.433 0.850 -0.968 1.727 1.000 29288.621
tr[60]    -0.407 0.825 -1.696 0.937 1.000 65114.433
tr[61]     0.151 0.930 -1.340 1.635 1.000 75862.532
tr[62]     0.232 0.925 -1.257 1.712 1.000 75171.706
tr[63]    -0.082 0.935 -1.576 1.416 1.000 78462.494
tr[64]     0.222 0.934 -1.278 1.706 1.000 76838.453
tr[65]    -0.369 0.946 -1.872 1.158 1.000 63414.204
tr[66]     0.449 0.946 -1.087 1.947 1.000 47763.044
tr[67]    -0.312 0.924 -1.779 1.171 1.000 68901.320
tr[68]    -1.085 0.915 -2.446 0.479 1.000 16972.538
tr[69]     0.431 0.955 -1.112 1.950 1.000 55014.166
tr[70]     0.143 0.936 -1.354 1.640 1.000 82460.979
tr[71]    -0.323 0.856 -1.638 1.078 1.000 34157.493
tr[72]     0.033 0.929 -1.455 1.505 1.000 83387.846
tr[73]     0.250 0.945 -1.267 1.761 1.000 78396.231
tr[74]    -0.144 0.924 -1.621 1.333 1.000 83258.744
tr[75]     0.437 0.850 -0.965 1.742 1.001 42034.488
tr[76]    -0.573 0.961 -2.091 0.974 1.000 45551.156
tr[77]    -0.263 0.926 -1.736 1.234 1.000 71464.381
tr[78]     0.329 0.844 -1.042 1.661 1.000 66484.343
tr[79]     0.399 0.837 -0.971 1.694 1.000 46940.710
tr[80]    -0.088 0.936 -1.583 1.422 1.000 78175.896
tr[81]    -0.431 0.945 -1.927 1.085 1.000 57758.700
tr[82]     0.071 0.824 -1.233 1.397 1.000 73257.008
tr[83]    -1.816 1.074 -3.364 0.056 1.001  9077.811
tr[84]     0.054 0.932 -1.430 1.540 1.000 85513.812
tr[85]     0.163 0.853 -1.231 1.477 1.000 37706.595
tr[86]    -0.288 0.834 -1.607 1.060 1.000 71134.731
tr[87]    -0.318 0.829 -1.623 1.041 1.000 72672.854
tr[88]    -0.485 0.950 -1.986 1.058 1.000 53938.417
tr[89]     0.341 0.821 -0.998 1.615 1.000 60438.620
tr[90]     0.132 0.820 -1.198 1.421 1.000 78096.129
tr[91]    -0.265 0.823 -1.585 1.047 1.000 82564.213
tr[92]     0.765 0.863 -0.672 2.071 1.001 30999.625
tr[93]    -0.356 0.836 -1.652 1.017 1.001 48383.227
tr[94]    -1.086 0.912 -2.433 0.460 1.000 17244.145
tr[95]     0.575 0.841 -0.819 1.860 1.001 37411.667
tr[96]    -0.128 0.929 -1.611 1.363 1.000 80426.925
tr[97]    -0.460 0.843 -1.756 0.931 1.000 43395.256
tr[98]    -0.198 0.937 -1.694 1.297 1.000 78262.834
tr[99]    -0.880 0.879 -2.203 0.590 1.000 21844.428
tr[100]   -0.136 0.823 -1.455 1.166 1.000 77536.094
tr[101]    0.445 0.944 -1.072 1.946 1.000 54351.487
tr[102]   -0.762 0.870 -2.090 0.692 1.000 34224.635
tr[103]   -0.752 0.849 -2.043 0.671 1.000 32928.921
tr[104]   -0.257 0.952 -1.791 1.274 1.000 74914.834
tr[105]   -0.310 0.938 -1.791 1.199 1.000 65113.812
tr[106]    0.177 0.933 -1.320 1.663 1.000 82792.339
tr[107]   -0.252 0.932 -1.739 1.237 1.000 67694.780
tr[108]   -0.503 0.947 -1.995 1.032 1.000 50575.101
tr[109]    0.098 0.829 -1.241 1.397 1.000 75550.651
tr[110]    0.088 0.933 -1.399 1.591 1.000 83172.948
tr[111]    0.357 0.824 -0.991 1.641 1.000 58325.883
tr[112]   -0.076 0.820 -1.380 1.218 1.001 84139.377
tr[113]   -0.368 0.935 -1.837 1.123 1.000 63932.318
tr[114]    0.079 0.932 -1.406 1.566 1.000 86101.219
tr[115]    0.247 0.931 -1.253 1.723 1.000 73298.913
tr[116]    0.407 0.850 -0.985 1.713 1.000 39095.291
tr[117]    0.084 0.818 -1.219 1.388 1.001 86105.669
tr[118]    0.313 0.831 -1.050 1.601 1.000 48262.522
tr[119]   -0.048 0.938 -1.555 1.444 1.000 82334.208
tr[120]    0.505 0.831 -0.851 1.794 1.000 53113.672
sigma[1]   0.654 0.067  0.554 0.767 1.000 39541.936
sigma[2]   0.345 0.071  0.223 0.450 1.002  3826.279
sigma[3]   0.816 0.083  0.692 0.959 1.000 51688.273
sigma[4]   0.802 0.082  0.680 0.940 1.000 46371.135
sigma_loc  0.390 0.205  0.175 0.756 1.000 20869.765
sigma_tr   0.215 0.090  0.046 0.344 1.002  3407.127


==== posterior contrast ====
Median May gap (Organic - Conventional) -- mean: 3.126  median: 2.545  89% PI: [ 0.851 , 7.129 ]  89% HPDI: [ 0.419 , 5.77 ]
Median July gap (Organic - Conventional) -- mean: 8.439  median: 7.058  89% PI: [ 2.685 , 18.367 ]  89% HPDI: [ 1.694 , 15.064 ]
Seasonal change in median gap (July - May) -- mean: 5.314  median: 4.327  89% PI: [ 1.331 , 12.303 ]  89% HPDI: [ 0.66 , 9.994 ]
