==== model: The Varietal ====

$likelihood
Dv ~ dlnorm(mu, sigma[cell])

$main_model
mu <- loga[Mg] + gamma * (Mo - 1) + b[Lo] * sigma_loc + yr[Yr] * 
    sigma_yr + tr[Tr] * sigma_tr + cv[Cv]

$gamma_def
gamma <- s_conv + gap_shift * (Mg - 1)

$prior_loga
loga[Mg] ~ dnorm(2, 2)

$prior_b
b[Lo] ~ dnorm(0, 1)

$prior_s
s_conv ~ dnorm(0, 1)

$prior_gs
gap_shift ~ dnorm(0, 1)

$prior_yr
yr[Yr] ~ dnorm(0, 1)

$prior_tr
tr[Tr] ~ dnorm(0, 1)

$pr_sigma
sigma[cell] ~ dexp(3.46)

$pr_sigma_loc
sigma_loc ~ dexp(2.31)

$pr_sigma_tr
sigma_tr ~ dexp(2.31)

$pr_sigma_yr
sigma_yr ~ dexp(2.31)

$prior_cv
cv[Cv] ~ dnorm(0, 1)



==== precis: fit_MDLSY ====

            mean    sd   5.5%  94.5%  rhat  ess_bulk
loga[1]    2.699 0.514  1.880  3.512 1.000 14194.340
loga[2]    1.967 0.526  1.130  2.795 1.000 14516.517
b[1]       0.120 0.536 -0.733  0.975 1.000 26469.740
b[2]       0.177 0.522 -0.647  1.018 1.000 25603.969
b[3]       1.073 0.633  0.097  2.115 1.000 28019.762
b[4]      -1.275 0.695 -2.430 -0.217 1.000 28486.232
s_conv    -1.804 0.109 -1.977 -1.630 1.000 60124.756
gap_shift  2.096 0.181  1.807  2.387 1.000 56529.249
yr[1]     -0.356 0.847 -1.703  0.988 1.000 56984.326
yr[2]      0.147 0.803 -1.129  1.419 1.000 51214.061
yr[3]      0.237 0.823 -1.093  1.530 1.000 50068.467
tr[1]      0.110 0.992 -1.476  1.698 1.000 81250.313
tr[2]      0.048 0.985 -1.529  1.616 1.000 84870.556
tr[3]      0.091 0.982 -1.484  1.658 1.000 82176.866
tr[4]      0.058 0.979 -1.504  1.615 1.000 85726.648
tr[5]     -0.076 0.981 -1.634  1.494 1.000 88932.915
tr[6]     -0.071 0.984 -1.641  1.508 1.000 81426.913
tr[7]      0.214 0.993 -1.387  1.796 1.000 71956.794
tr[8]      0.218 0.989 -1.369  1.786 1.000 63195.832
tr[9]      0.139 0.987 -1.438  1.707 1.000 76490.523
tr[10]     0.007 0.982 -1.562  1.568 1.000 83055.848
tr[11]     0.059 0.979 -1.508  1.624 1.000 83952.238
tr[12]     0.054 0.980 -1.512  1.630 1.000 84364.258
tr[13]     0.166 0.986 -1.425  1.747 1.000 71879.053
tr[14]     0.156 0.995 -1.430  1.734 1.000 71469.662
tr[15]     0.158 0.991 -1.434  1.748 1.000 71312.233
tr[16]     0.033 0.985 -1.535  1.600 1.000 84962.817
tr[17]    -0.271 1.001 -1.870  1.325 1.000 54148.736
tr[18]    -0.082 0.976 -1.633  1.479 1.000 81290.660
tr[19]     0.087 0.944 -1.430  1.580 1.000 76004.113
tr[20]    -0.028 0.934 -1.530  1.464 1.000 80915.014
tr[21]     0.063 0.931 -1.433  1.547 1.000 82132.997
tr[22]    -0.699 1.089 -2.416  1.059 1.001 11788.545
tr[23]    -0.253 0.957 -1.749  1.314 1.000 48791.878
tr[24]     0.120 0.945 -1.401  1.630 1.000 73133.598
tr[25]    -0.260 0.954 -1.749  1.300 1.000 49059.027
tr[26]    -0.418 0.988 -1.943  1.204 1.000 26695.665
tr[27]    -0.190 0.937 -1.664  1.336 1.000 64336.125
tr[28]     0.140 0.997 -1.453  1.723 1.000 76430.241
tr[29]    -0.007 0.983 -1.573  1.566 1.000 88043.949
tr[30]     0.072 0.990 -1.503  1.654 1.000 82819.107
tr[31]     0.247 1.006 -1.372  1.855 1.000 63693.748
tr[32]     0.263 1.010 -1.360  1.874 1.000 52412.208
tr[33]    -0.069 0.971 -1.608  1.489 1.000 85431.241
tr[34]     0.174 0.993 -1.410  1.761 1.000 70968.762
tr[35]     0.181 0.986 -1.395  1.752 1.000 70885.495
tr[36]    -0.095 0.987 -1.665  1.477 1.000 81554.809
tr[37]     0.145 0.931 -1.360  1.621 1.000 81109.373
tr[38]    -0.068 0.945 -1.560  1.470 1.000 73421.719
tr[39]     0.310 0.952 -1.242  1.783 1.000 42142.964
tr[40]     0.031 0.935 -1.467  1.515 1.000 87934.016
tr[41]     0.087 0.933 -1.419  1.572 1.000 80760.276
tr[42]     0.046 0.940 -1.467  1.539 1.000 87199.989
tr[43]    -0.114 0.941 -1.604  1.402 1.000 79763.654
tr[44]    -0.009 0.939 -1.510  1.490 1.000 82992.142
tr[45]    -0.210 0.945 -1.692  1.327 1.000 60752.857
tr[46]    -0.287 0.967 -1.794  1.288 1.000 30140.752
tr[47]    -0.203 0.952 -1.690  1.350 1.000 54101.414
tr[48]    -0.869 1.168 -2.777  0.975 1.001  8470.408
tr[49]     0.247 0.999 -1.353  1.835 1.000 58947.901
tr[50]     0.098 0.987 -1.478  1.680 1.000 82962.063
tr[51]     0.131 0.985 -1.448  1.703 1.000 77423.552
tr[52]     0.115 0.988 -1.466  1.688 1.000 76440.243
tr[53]     0.127 1.000 -1.472  1.727 1.000 77398.191
tr[54]     0.089 0.988 -1.487  1.656 1.000 82174.197
tr[55]    -0.006 0.983 -1.582  1.569 1.000 83763.313
tr[56]     0.007 0.985 -1.571  1.593 1.000 84086.960
tr[57]    -0.229 0.991 -1.803  1.360 1.000 65493.038
tr[58]    -0.155 0.981 -1.721  1.414 1.000 70755.458
tr[59]    -0.153 0.984 -1.720  1.420 1.000 73918.485
tr[60]     0.050 0.999 -1.549  1.645 1.000 82826.863
tr[61]     0.086 0.980 -1.485  1.649 1.000 84163.743
tr[62]     0.094 0.991 -1.493  1.679 1.000 79508.960
tr[63]     0.031 0.993 -1.556  1.622 1.000 83062.413
tr[64]     0.071 0.980 -1.501  1.628 1.000 83957.407
tr[65]    -0.067 0.990 -1.631  1.525 1.000 86033.097
tr[66]    -0.216 1.007 -1.827  1.390 1.000 65877.367
tr[67]     0.123 0.980 -1.436  1.700 1.000 79185.549
tr[68]    -0.078 0.979 -1.650  1.480 1.000 84179.907
tr[69]    -0.131 0.987 -1.708  1.452 1.000 80055.370
tr[70]    -0.058 0.938 -1.548  1.458 1.000 82202.545
tr[71]     0.074 0.936 -1.444  1.561 1.000 84586.991
tr[72]     0.142 0.940 -1.391  1.617 1.000 72760.034
tr[73]    -0.146 0.940 -1.625  1.387 1.000 71613.189
tr[74]    -0.285 0.954 -1.768  1.277 1.000 40897.760
tr[75]    -0.070 0.935 -1.559  1.443 1.000 86040.975
tr[76]     0.207 0.948 -1.336  1.700 1.000 57071.573
tr[77]     0.273 0.954 -1.292  1.750 1.000 42200.672
tr[78]     0.022 0.938 -1.477  1.517 1.000 90003.845
tr[79]     0.000 0.984 -1.567  1.567 1.000 84466.266
tr[80]    -0.235 0.998 -1.819  1.371 1.000 59761.135
tr[81]    -0.218 0.995 -1.804  1.377 1.000 65698.735
tr[82]    -0.068 0.981 -1.633  1.502 1.000 80144.420
tr[83]    -0.142 0.980 -1.715  1.433 1.000 80324.104
tr[84]    -0.180 0.994 -1.755  1.419 1.000 75275.816
tr[85]    -0.231 0.995 -1.809  1.374 1.000 59833.510
tr[86]    -0.315 1.013 -1.934  1.312 1.000 45710.252
tr[87]    -0.231 0.999 -1.820  1.377 1.000 65449.662
tr[88]     0.122 0.933 -1.383  1.603 1.000 81473.096
tr[89]     0.208 0.949 -1.336  1.692 1.000 64038.513
tr[90]     0.382 0.991 -1.243  1.916 1.000 27320.769
tr[91]    -0.069 0.939 -1.566  1.442 1.000 83711.443
tr[92]     0.128 0.943 -1.389  1.609 1.000 67899.789
tr[93]    -0.235 0.953 -1.723  1.310 1.000 57551.353
tr[94]    -0.224 0.945 -1.709  1.312 1.000 57238.992
tr[95]    -0.357 0.970 -1.865  1.242 1.000 38091.800
tr[96]    -0.101 0.926 -1.575  1.390 1.000 81563.940
tr[97]     0.541 1.032 -1.138  2.165 1.001 15321.456
tr[98]     0.523 1.029 -1.146  2.140 1.001 16359.489
tr[99]     0.030 0.931 -1.463  1.512 1.000 80996.446
tr[100]    0.010 0.983 -1.563  1.575 1.000 85502.447
tr[101]   -0.078 0.983 -1.648  1.488 1.000 81666.657
tr[102]    0.174 0.984 -1.403  1.754 1.000 71028.925
tr[103]   -0.159 0.992 -1.730  1.428 1.000 72498.601
tr[104]    0.111 0.989 -1.476  1.687 1.000 80609.118
tr[105]    0.176 0.985 -1.405  1.743 1.000 70822.744
tr[106]   -0.146 0.987 -1.721  1.430 1.000 74527.417
tr[107]    0.020 0.982 -1.546  1.586 1.000 86220.427
tr[108]    0.027 0.988 -1.556  1.606 1.000 86930.736
tr[109]   -0.029 0.982 -1.597  1.540 1.000 83716.948
tr[110]   -0.101 1.000 -1.698  1.496 1.000 85975.531
tr[111]   -0.254 1.003 -1.845  1.356 1.000 54560.060
tr[112]   -0.044 0.978 -1.602  1.517 1.000 84692.722
tr[113]   -0.037 0.979 -1.593  1.525 1.000 80709.338
tr[114]   -0.181 0.987 -1.756  1.386 1.000 67950.971
tr[115]   -0.101 0.996 -1.698  1.493 1.000 84677.792
tr[116]    0.020 0.983 -1.552  1.584 1.000 81416.306
tr[117]    0.163 0.983 -1.405  1.732 1.000 77819.671
tr[118]    0.014 0.974 -1.540  1.560 1.000 88990.785
tr[119]   -0.220 0.994 -1.807  1.376 1.000 64659.627
tr[120]    0.129 0.987 -1.445  1.692 1.000 75304.629
tr[121]    0.079 0.935 -1.426  1.560 1.000 82705.601
tr[122]   -0.082 0.937 -1.567  1.437 1.000 77979.216
tr[123]   -0.039 0.935 -1.522  1.461 1.000 82222.857
tr[124]    0.323 0.957 -1.247  1.808 1.000 38898.880
tr[125]    0.470 0.996 -1.160  2.013 1.000 25449.616
tr[126]    0.139 0.937 -1.385  1.614 1.000 79144.536
tr[127]    0.253 0.951 -1.304  1.731 1.000 49842.316
tr[128]    0.318 0.957 -1.243  1.815 1.000 41466.963
tr[129]    0.153 0.936 -1.362  1.633 1.000 76181.875
sigma[1]   0.685 0.060  0.595  0.786 1.000 63750.913
sigma[2]   0.644 0.060  0.555  0.746 1.000 55430.917
sigma[3]   1.015 0.106  0.859  1.197 1.000 54506.589
sigma[4]   0.245 0.049  0.162  0.316 1.002  5162.719
sigma_loc  0.543 0.241  0.271  0.984 1.000 29483.229
sigma_tr   0.078 0.059  0.007  0.192 1.002  4987.510
sigma_yr   0.108 0.129  0.006  0.327 1.000 23457.681
cv[1]      0.045 0.434 -0.646  0.738 1.000 13418.356
cv[2]      0.002 0.435 -0.692  0.697 1.000 13436.333
cv[3]     -0.190 0.433 -0.882  0.502 1.000 13445.351
cv[4]      0.040 0.438 -0.656  0.740 1.000 13707.428
cv[5]      0.273 0.437 -0.424  0.974 1.000 13588.033


==== posterior contrast ====
May mean -- mean: -9.54  median: -7.636  89% PI: [ -23.142 , -1.098 ]  89% HPDI: [ -19.837 , 0.485 ]
July mean -- mean: 9.73  median: 8.176  89% PI: [ 3.612 , 19.662 ]  89% HPDI: [ 2.548 , 16.425 ]
Change in management contrast, from May to July -- mean: 19.27  median: 15.844  89% PI: [ 6.21 , 41.095 ]  89% HPDI: [ 3.784 , 33.752 ]
