==== model: Treebeard the Skeptic ====

$likelihood
Dv ~ dlnorm(mu, sigma[Mg])

$main_model
mu <- loga[Mg] + gamma * (Mo - 1) + tr[Tr] * sigma_tr

$gamma_def
gamma <- s_conv + gap_shift * (Mg - 1)

$prior_loga
loga[Mg] ~ dnorm(2, 2)

$prior_s
s_conv ~ dnorm(0, 1)

$prior_gs
gap_shift ~ dnorm(0, 1)

$pr_sigma
sigma[Mg] ~ dhalfnorm(0, 1)

$prior_tr
tr[Tr] ~ dnorm(0, 1)

$pr_sigma_tr
sigma_tr ~ dhalfnorm(0, 1)

attr(,"name")
[1] "Treebeard the Skeptic"


==== precis: fit_sim ====

            mean    sd   5.5%  94.5%  rhat  ess_bulk ess_ratio
loga[1]    2.826 0.089  2.682  2.968 1.000 10766.234     0.718
loga[2]    2.807 0.090  2.664  2.951 1.000 13787.831     0.919
s_conv    -1.350 0.117 -1.537 -1.163 1.000 10386.918     0.692
gap_shift  1.150 0.163  0.885  1.410 1.001 10378.303     0.692
sigma[1]   0.688 0.050  0.610  0.769 1.001  6763.995     0.451
sigma[2]   0.607 0.060  0.516  0.705 1.003  3625.459     0.242
tr[1]      0.056 0.857 -1.324  1.432 1.001 23194.183     1.546
tr[2]     -0.089 0.881 -1.492  1.304 1.000 21805.313     1.454
tr[3]      0.028 0.852 -1.327  1.393 1.001 23753.906     1.584
tr[4]      0.749 0.909 -0.738  2.155 1.001 13251.033     0.883
tr[5]      0.737 0.909 -0.735  2.144 1.001 13154.647     0.877
tr[6]     -0.289 0.882 -1.666  1.142 1.001 22395.432     1.493
tr[7]      0.766 0.889 -0.708  2.143 1.000 11919.092     0.795
tr[8]     -0.502 0.892 -1.914  0.937 1.000 18391.676     1.226
tr[9]     -0.044 0.887 -1.475  1.372 1.001 23463.291     1.564
tr[10]    -0.701 0.890 -2.081  0.759 1.000 14509.677     0.967
tr[11]    -0.490 0.895 -1.890  0.943 1.000 18860.704     1.257
tr[12]     0.132 0.877 -1.277  1.523 1.000 22514.595     1.501
tr[13]    -0.177 0.893 -1.596  1.262 1.001 24146.698     1.610
tr[14]    -0.640 0.900 -2.070  0.832 1.001 13373.633     0.892
tr[15]    -0.803 0.934 -2.255  0.712 1.000 12986.619     0.866
tr[16]     0.579 0.883 -0.857  1.971 1.000 16625.683     1.108
tr[17]     0.059 0.896 -1.382  1.477 1.001 23335.373     1.556
tr[18]    -0.425 0.902 -1.844  1.051 1.003 17514.298     1.168
tr[19]     0.304 0.890 -1.137  1.721 1.000 23245.109     1.550
tr[20]    -0.113 0.897 -1.530  1.310 1.002 23567.426     1.571
tr[21]    -0.318 0.889 -1.722  1.117 1.000 20998.170     1.400
tr[22]     0.242 0.858 -1.146  1.608 1.000 22536.595     1.502
tr[23]     0.411 0.895 -1.010  1.826 1.000 19334.102     1.289
tr[24]     0.180 0.855 -1.173  1.534 1.000 19791.059     1.319
tr[25]     0.225 0.896 -1.197  1.649 1.001 23592.568     1.573
tr[26]     0.055 0.864 -1.337  1.433 1.001 24021.347     1.601
tr[27]    -0.122 0.879 -1.528  1.276 1.000 26161.000     1.744
tr[28]    -1.099 0.940 -2.535  0.471 1.001  8421.347     0.561
tr[29]     0.050 0.883 -1.368  1.476 1.001 22724.324     1.515
tr[30]     0.493 0.869 -0.919  1.850 1.000 16850.448     1.123
tr[31]     0.171 0.884 -1.238  1.569 1.001 20759.549     1.384
tr[32]     0.728 0.900 -0.752  2.144 1.000 12292.750     0.820
tr[33]    -0.065 0.871 -1.454  1.346 1.000 24295.642     1.620
tr[34]     0.255 0.887 -1.158  1.668 1.001 20704.201     1.380
tr[35]    -0.574 0.902 -2.016  0.889 1.001 17313.960     1.154
tr[36]    -0.512 0.868 -1.884  0.909 1.001 16139.457     1.076
tr[37]     0.214 0.890 -1.215  1.616 1.000 21863.116     1.458
tr[38]     0.785 0.887 -0.667  2.148 1.000 10601.660     0.707
tr[39]    -0.271 0.860 -1.628  1.112 1.001 23746.466     1.583
tr[40]    -0.694 0.910 -2.124  0.790 1.000 14909.221     0.994
tr[41]     0.090 0.889 -1.355  1.507 1.000 23234.561     1.549
tr[42]     0.497 0.887 -0.931  1.892 1.001 17428.510     1.162
tr[43]    -0.027 0.899 -1.456  1.412 1.001 26147.872     1.743
tr[44]    -0.409 0.899 -1.824  1.039 1.000 21343.133     1.423
tr[45]    -0.229 0.883 -1.630  1.184 1.001 20346.742     1.356
tr[46]     0.887 0.914 -0.608  2.289 1.000 11709.601     0.781
tr[47]     0.287 0.855 -1.091  1.641 1.001 21513.427     1.434
tr[48]    -0.435 0.876 -1.800  0.981 1.000 19476.717     1.298
tr[49]    -0.139 0.883 -1.544  1.280 1.001 20887.794     1.393
tr[50]     0.006 0.859 -1.356  1.380 1.000 25638.340     1.709
tr[51]    -0.034 0.871 -1.417  1.344 1.000 23536.504     1.569
tr[52]     0.474 0.905 -0.982  1.898 1.001 18946.033     1.263
tr[53]     0.135 0.872 -1.275  1.528 1.001 23005.531     1.534
tr[54]    -0.352 0.879 -1.760  1.064 1.000 20379.252     1.359
tr[55]     0.365 0.903 -1.077  1.788 1.000 20226.114     1.348
tr[56]     0.292 0.888 -1.129  1.699 1.001 22169.126     1.478
tr[57]    -0.603 0.915 -2.033  0.877 1.000 15593.357     1.040
tr[58]     0.071 0.860 -1.296  1.435 1.000 20451.228     1.363
tr[59]     0.643 0.887 -0.775  2.030 1.001 14615.431     0.974
tr[60]    -0.775 0.905 -2.192  0.691 1.001 14398.352     0.960
tr[61]     0.064 0.897 -1.377  1.489 1.001 23887.090     1.592
tr[62]     0.305 0.881 -1.133  1.701 1.001 19580.265     1.305
tr[63]    -0.362 0.855 -1.706  1.012 1.000 20203.210     1.347
tr[64]     0.737 0.879 -0.698  2.103 1.001 12864.349     0.858
tr[65]     0.774 0.928 -0.729  2.228 1.001 13303.690     0.887
tr[66]     0.338 0.894 -1.107  1.751 1.001 18077.391     1.205
tr[67]    -0.050 0.839 -1.370  1.302 1.001 19719.017     1.315
tr[68]    -0.628 0.872 -1.988  0.797 1.001 15601.725     1.040
tr[69]     0.135 0.855 -1.224  1.485 1.000 21503.995     1.434
tr[70]    -0.478 0.875 -1.845  0.933 1.000 16233.123     1.082
tr[71]     0.160 0.863 -1.208  1.511 1.001 21331.693     1.422
tr[72]    -0.804 0.905 -2.206  0.665 1.001 11556.383     0.770
tr[73]     0.356 0.877 -1.064  1.745 1.000 18313.579     1.221
tr[74]    -0.990 0.937 -2.452  0.540 1.000 10949.771     0.730
tr[75]    -0.927 0.917 -2.346  0.583 1.000 10811.943     0.721
tr[76]     0.700 0.878 -0.750  2.058 1.000 14170.602     0.945
tr[77]     0.149 0.864 -1.241  1.528 1.001 22008.317     1.467
tr[78]    -0.520 0.902 -1.944  0.945 1.000 16594.413     1.106
tr[79]     0.434 0.895 -1.014  1.851 1.000 19010.207     1.267
tr[80]    -0.959 0.907 -2.361  0.541 1.001  9422.378     0.628
tr[81]     0.174 0.883 -1.239  1.570 1.001 22150.479     1.477
tr[82]    -0.210 0.870 -1.594  1.185 1.001 20381.264     1.359
tr[83]    -0.309 0.883 -1.715  1.115 1.001 20506.509     1.367
tr[84]     0.104 0.889 -1.313  1.511 1.000 22629.713     1.509
tr[85]    -0.327 0.879 -1.725  1.094 1.000 21797.319     1.453
tr[86]    -0.347 0.886 -1.751  1.079 1.001 22158.404     1.477
tr[87]     0.461 0.898 -0.998  1.867 1.000 17806.662     1.187
tr[88]     0.194 0.888 -1.243  1.598 1.001 23909.220     1.594
tr[89]    -0.630 0.891 -2.018  0.827 1.000 16394.013     1.093
tr[90]    -0.495 0.864 -1.856  0.896 1.000 18568.502     1.238
tr[91]     0.827 0.943 -0.710  2.304 1.001 12491.667     0.833
tr[92]    -0.164 0.889 -1.578  1.259 1.001 23563.461     1.571
tr[93]    -0.131 0.867 -1.527  1.247 1.000 23457.500     1.564
tr[94]    -0.203 0.884 -1.629  1.211 1.000 22642.077     1.509
tr[95]    -0.315 0.892 -1.720  1.107 1.000 22446.555     1.496
tr[96]     0.052 0.903 -1.397  1.489 1.000 24917.846     1.661
tr[97]    -0.403 0.876 -1.774  1.005 1.001 20345.463     1.356
tr[98]     0.627 0.886 -0.801  2.004 1.000 14895.025     0.993
tr[99]    -0.016 0.865 -1.392  1.348 1.000 21914.149     1.461
tr[100]   -0.236 0.871 -1.606  1.144 1.001 19580.636     1.305
tr[101]    0.060 0.874 -1.333  1.455 1.001 22454.888     1.497
tr[102]   -0.323 0.851 -1.658  1.042 1.000 18788.057     1.253
tr[103]    0.039 0.885 -1.364  1.449 1.000 21743.447     1.450
tr[104]    0.920 0.913 -0.593  2.328 1.000 10036.501     0.669
tr[105]    0.419 0.871 -0.973  1.790 1.000 18402.495     1.227
tr[106]    0.145 0.893 -1.289  1.565 1.001 21342.669     1.423
tr[107]    0.389 0.900 -1.073  1.809 1.000 19399.060     1.293
tr[108]    0.506 0.902 -0.930  1.931 1.001 19175.449     1.278
tr[109]    0.540 0.891 -0.903  1.929 1.001 17831.989     1.189
tr[110]   -0.412 0.896 -1.805  1.056 1.001 17545.634     1.170
tr[111]    0.280 0.854 -1.103  1.634 1.001 20936.088     1.396
tr[112]    0.621 0.910 -0.854  2.058 1.000 15798.807     1.053
tr[113]    0.172 0.888 -1.246  1.582 1.001 21978.788     1.465
tr[114]    0.399 0.885 -1.022  1.809 1.000 19804.509     1.320
tr[115]   -0.199 0.900 -1.635  1.232 1.001 22708.269     1.514
tr[116]   -0.396 0.891 -1.792  1.047 1.000 19110.622     1.274
tr[117]    0.093 0.894 -1.348  1.496 1.001 23101.270     1.540
tr[118]   -0.117 0.867 -1.492  1.278 1.001 21356.220     1.424
tr[119]    0.076 0.892 -1.364  1.489 1.001 19926.499     1.328
tr[120]   -0.251 0.880 -1.638  1.156 1.001 23191.319     1.546
sigma_tr   0.249 0.095  0.069  0.383 1.004  1949.369     0.130


==== parameter recovery ====
      param   true post_median   lo89   hi89 covered
1     loga1  2.996       2.827  2.682  2.968   FALSE
2     loga2  2.773       2.805  2.664  2.951    TRUE
3    s_conv -1.500      -1.351 -1.537 -1.163    TRUE
4 gap_shift  1.300       1.152  0.885  1.410    TRUE
5    sigma1  0.703       0.686  0.610  0.769    TRUE
6    sigma2  0.555       0.605  0.516  0.705    TRUE
7  sigma_tr  0.300       0.260  0.069  0.383    TRUE
covered: 6 / 7 


==== posterior contrast ====
Median May gap (Organic - Conventional) -- mean: -0.319  median: -0.346  89% PI: [ -3.63 , 3.103 ]  89% HPDI: [ -3.7 , 3.024 ]
Median July gap (Organic - Conventional) -- mean: 9.22  median: 9.163  89% PI: [ 7.246 , 11.35 ]  89% HPDI: [ 7.156 , 11.238 ]
Seasonal change in median gap (July - May) -- mean: 9.539  median: 9.526  89% PI: [ 5.837 , 13.211 ]  89% HPDI: [ 5.798 , 13.168 ]
