==== model: Treebeard the Skeptic ====

$likelihood
Dv ~ dlnorm(mu, sigma[Mg])

$main_model
mu <- loga[Mg] + gamma * (Mo - 1) + tr[Tr] * sigma_tr

$gamma_def
gamma <- s_conv + gap_shift * (Mg - 1)

$prior_loga
loga[Mg] ~ dnorm(5, 2)

$prior_s
s_conv ~ dnorm(0, 1)

$prior_gs
gap_shift ~ dnorm(0, 1)

$pr_sigma
sigma[Mg] ~ dhalfnorm(0, 1)

$prior_tr
tr[Tr] ~ dnorm(0, 1)

$pr_sigma_tr
sigma_tr ~ dhalfnorm(0, 1)



==== precis: fit_MDST ====

            mean    sd   5.5%  94.5%  rhat ess_bulk ess_ratio
loga[1]    5.184 0.120  4.991  5.375 1.000 31992.03     1.066
loga[2]    3.400 0.183  3.107  3.692 1.000 43992.32     1.466
s_conv    -1.205 0.167 -1.471 -0.939 1.000 30963.55     1.032
gap_shift  0.914 0.295  0.440  1.386 1.000 31885.48     1.063
sigma[1]   1.029 0.062  0.935  1.131 1.000 48598.92     1.620
sigma[2]   1.272 0.095  1.129  1.429 1.000 47887.32     1.596
tr[1]     -0.165 0.986 -1.727  1.408 1.000 63844.92     2.128
tr[2]     -0.184 0.992 -1.771  1.408 1.000 63596.44     2.120
tr[3]     -0.420 1.002 -2.019  1.211 1.000 44687.73     1.490
tr[4]     -0.258 0.992 -1.838  1.334 1.001 58470.91     1.949
tr[5]     -0.297 0.988 -1.862  1.287 1.000 51497.48     1.717
tr[6]      0.187 0.968 -1.364  1.724 1.000 60559.94     2.019
tr[7]      0.141 0.987 -1.434  1.708 1.000 64587.30     2.153
tr[8]     -0.197 0.988 -1.770  1.393 1.000 61603.28     2.053
tr[9]     -0.446 1.024 -2.081  1.198 1.000 47025.58     1.568
tr[10]    -0.135 0.974 -1.683  1.419 1.001 65825.45     2.194
tr[11]     0.111 0.986 -1.466  1.680 1.000 67811.91     2.260
tr[12]     0.022 0.975 -1.530  1.579 1.000 64806.20     2.160
tr[13]     0.119 0.976 -1.447  1.681 1.000 66622.33     2.221
tr[14]    -0.010 0.975 -1.561  1.537 1.001 64040.87     2.135
tr[15]     0.055 0.973 -1.509  1.604 1.001 64094.54     2.136
tr[16]    -0.073 0.990 -1.652  1.512 1.000 61928.39     2.064
tr[17]     0.022 0.962 -1.534  1.544 1.001 67510.91     2.250
tr[18]    -0.025 0.978 -1.593  1.555 1.000 65089.86     2.170
tr[19]    -0.089 0.977 -1.649  1.466 1.001 59518.12     1.984
tr[20]    -0.109 0.976 -1.663  1.456 1.000 65267.94     2.176
tr[21]    -0.128 0.996 -1.713  1.479 1.001 62912.49     2.097
tr[22]    -0.022 0.994 -1.608  1.564 1.000 67956.87     2.265
tr[23]    -0.065 0.984 -1.631  1.510 1.000 64511.56     2.150
tr[24]    -0.005 0.984 -1.578  1.563 1.000 66769.94     2.226
tr[25]    -0.057 0.979 -1.621  1.521 1.000 68673.07     2.289
tr[26]    -0.100 0.979 -1.662  1.465 1.000 64000.54     2.133
tr[27]    -0.049 0.992 -1.625  1.547 1.000 71323.21     2.377
tr[28]     0.118 0.996 -1.483  1.702 1.001 64951.99     2.165
tr[29]     0.168 0.994 -1.418  1.754 1.000 58294.29     1.943
tr[30]     0.153 0.986 -1.441  1.721 1.001 64985.68     2.166
tr[31]     0.133 0.981 -1.430  1.691 1.000 61810.96     2.060
tr[32]     0.132 0.987 -1.453  1.701 1.000 63651.00     2.122
tr[33]     0.117 0.981 -1.453  1.676 1.000 61484.72     2.049
tr[34]     0.191 0.993 -1.396  1.774 1.000 58422.48     1.947
tr[35]     0.145 0.970 -1.403  1.690 1.000 56906.55     1.897
tr[36]     0.086 0.974 -1.476  1.629 1.000 62776.66     2.093
tr[37]     0.264 1.011 -1.363  1.882 1.000 57099.32     1.903
tr[38]     0.204 0.990 -1.393  1.786 1.000 60869.86     2.029
tr[39]     0.209 1.002 -1.411  1.802 1.001 56827.64     1.894
tr[40]     0.174 1.001 -1.446  1.778 1.000 59295.30     1.977
tr[41]     0.073 0.989 -1.525  1.643 1.000 66490.80     2.216
tr[42]     0.186 0.988 -1.384  1.758 1.000 59356.75     1.979
tr[43]     0.234 0.995 -1.353  1.837 1.000 53260.91     1.775
tr[44]     0.157 0.980 -1.407  1.729 1.000 60925.32     2.031
tr[45]     0.248 0.998 -1.360  1.827 1.000 60670.36     2.022
tr[46]     0.037 0.981 -1.524  1.603 1.000 64924.12     2.164
tr[47]     0.071 0.986 -1.498  1.658 1.000 72108.62     2.404
tr[48]    -0.165 0.987 -1.727  1.417 1.000 65288.24     2.176
tr[49]     0.029 0.980 -1.538  1.585 1.000 72670.76     2.422
tr[50]     0.018 0.991 -1.553  1.597 1.000 66549.75     2.218
tr[51]     0.003 0.985 -1.568  1.577 1.000 65164.36     2.172
tr[52]    -0.189 0.986 -1.760  1.390 1.000 57242.93     1.908
tr[53]    -0.121 1.000 -1.716  1.475 1.000 63240.27     2.108
tr[54]     0.037 0.973 -1.511  1.586 1.000 66699.62     2.223
tr[55]     0.100 0.974 -1.472  1.655 1.001 63407.99     2.114
tr[56]     0.137 0.973 -1.419  1.687 1.000 65336.66     2.178
tr[57]     0.134 0.981 -1.437  1.699 1.000 67416.02     2.247
tr[58]     0.097 0.976 -1.472  1.668 1.000 61732.39     2.058
tr[59]     0.115 0.979 -1.448  1.678 1.000 67249.42     2.242
tr[60]     0.042 0.977 -1.528  1.617 1.001 66088.27     2.203
tr[61]     0.226 0.981 -1.344  1.800 1.000 59258.40     1.975
tr[62]     0.118 0.988 -1.468  1.693 1.000 61848.73     2.062
tr[63]     0.192 0.964 -1.336  1.734 1.000 63404.59     2.113
tr[64]     0.178 0.984 -1.401  1.747 1.000 58212.35     1.940
tr[65]     0.189 0.981 -1.390  1.744 1.000 65547.94     2.185
tr[66]     0.145 0.981 -1.424  1.709 1.001 59757.03     1.992
tr[67]     0.197 0.976 -1.369  1.755 1.000 60188.03     2.006
tr[68]     0.193 1.000 -1.400  1.788 1.000 56972.19     1.899
tr[69]     0.196 0.991 -1.396  1.798 1.000 61988.18     2.066
tr[70]    -0.162 0.989 -1.737  1.423 1.000 56790.66     1.893
tr[71]    -0.124 0.982 -1.694  1.433 1.000 64197.39     2.140
tr[72]    -0.119 0.983 -1.683  1.463 1.000 57952.68     1.932
tr[73]     0.133 0.994 -1.459  1.716 1.000 63660.15     2.122
tr[74]     0.225 0.990 -1.355  1.802 1.000 62297.31     2.077
tr[75]     0.113 0.987 -1.472  1.692 1.000 59907.51     1.997
tr[76]    -0.041 0.975 -1.603  1.530 1.000 64925.38     2.164
tr[77]    -0.103 0.996 -1.686  1.487 1.000 62759.95     2.092
tr[78]    -0.148 0.984 -1.729  1.429 1.000 61884.00     2.063
tr[79]    -0.110 0.980 -1.670  1.466 1.000 63543.36     2.118
tr[80]    -0.011 0.995 -1.607  1.580 1.000 72882.56     2.429
tr[81]    -0.229 0.984 -1.793  1.356 1.000 63298.07     2.110
tr[82]    -0.354 1.006 -1.950  1.263 1.000 51480.56     1.716
tr[83]     0.061 0.995 -1.527  1.637 1.000 66917.76     2.231
tr[84]    -0.135 0.976 -1.681  1.431 1.000 59911.26     1.997
tr[85]    -0.109 0.972 -1.657  1.461 1.000 67984.00     2.266
tr[86]    -0.032 0.990 -1.623  1.558 1.001 66964.39     2.232
tr[87]    -0.308 0.993 -1.893  1.286 1.000 53929.47     1.798
tr[88]    -0.012 0.986 -1.595  1.584 1.000 64282.04     2.143
tr[89]     0.098 0.979 -1.475  1.670 1.000 68643.60     2.288
tr[90]     0.133 0.989 -1.452  1.716 1.000 62247.95     2.075
tr[91]     0.007 0.981 -1.559  1.568 1.000 62876.04     2.096
tr[92]     0.059 0.978 -1.499  1.629 1.000 67084.47     2.236
tr[93]     0.121 0.988 -1.458  1.699 1.000 66568.71     2.219
tr[94]    -0.296 1.004 -1.885  1.321 1.000 51379.39     1.713
tr[95]    -0.402 1.016 -2.025  1.226 1.000 45196.68     1.507
tr[96]    -0.368 1.010 -1.980  1.250 1.000 48951.49     1.632
tr[97]    -0.156 0.982 -1.724  1.409 1.000 64770.86     2.159
tr[98]    -0.171 0.978 -1.734  1.395 1.000 59009.01     1.967
tr[99]    -0.113 0.980 -1.691  1.448 1.000 64155.90     2.139
tr[100]   -0.023 0.988 -1.609  1.559 1.000 70500.99     2.350
tr[101]   -0.140 0.971 -1.682  1.415 1.000 63138.32     2.105
tr[102]    0.103 0.977 -1.474  1.648 1.000 61495.56     2.050
tr[103]   -0.129 0.970 -1.682  1.428 1.000 64756.07     2.159
tr[104]    0.018 0.979 -1.559  1.580 1.001 69046.75     2.302
tr[105]    0.028 0.985 -1.553  1.583 1.000 68469.55     2.282
tr[106]   -0.229 0.990 -1.799  1.365 1.000 55731.36     1.858
tr[107]   -0.002 0.978 -1.576  1.591 1.000 63677.02     2.123
tr[108]   -0.008 0.970 -1.557  1.547 1.000 71156.91     2.372
tr[109]   -0.179 0.978 -1.738  1.379 1.001 61554.90     2.052
tr[110]   -0.083 0.979 -1.643  1.490 1.000 65984.42     2.199
tr[111]   -0.009 0.984 -1.582  1.558 1.000 66078.99     2.203
tr[112]    0.035 0.967 -1.519  1.586 1.000 66544.76     2.218
tr[113]   -0.040 0.983 -1.603  1.542 1.000 62646.77     2.088
tr[114]    0.049 0.973 -1.504  1.596 1.000 65758.97     2.192
tr[115]   -0.003 0.990 -1.579  1.595 1.001 65071.60     2.169
tr[116]    0.080 0.983 -1.490  1.658 1.000 67548.86     2.252
tr[117]    0.089 0.961 -1.455  1.638 1.000 63463.72     2.115
tr[118]    0.023 0.983 -1.558  1.589 1.000 67212.41     2.240
tr[119]    0.043 0.981 -1.540  1.601 1.000 67113.62     2.237
tr[120]   -0.094 0.969 -1.623  1.451 1.000 59220.73     1.974
tr[121]   -0.125 0.987 -1.699  1.444 1.000 60558.49     2.019
tr[122]   -0.122 0.988 -1.697  1.473 1.001 60480.89     2.016
tr[123]    0.047 0.978 -1.513  1.607 1.000 66146.22     2.205
tr[124]    0.120 0.978 -1.464  1.681 1.000 60784.00     2.026
tr[125]    0.126 0.979 -1.435  1.682 1.000 61394.27     2.046
tr[126]    0.108 0.978 -1.461  1.674 1.000 61390.75     2.046
tr[127]    0.016 0.993 -1.566  1.599 1.000 61561.03     2.052
tr[128]    0.119 0.990 -1.473  1.700 1.000 65757.59     2.192
tr[129]   -0.119 0.997 -1.711  1.481 1.001 65695.36     2.190
sigma_tr   0.143 0.103  0.013  0.331 1.000 11395.41     0.380


==== posterior contrast ====
May mean -- mean: -240.609  median: -237.313  89% PI: [ -317.95 , -173.32 ]  89% HPDI: [ -312.057 , -169.589 ]
July mean -- mean: -40.769  median: -40.627  89% PI: [ -68.754 , -13.182 ]  89% HPDI: [ -69.164 , -13.656 ]
Change in management contrast, from May to July -- mean: 199.84  median: 197.238  89% PI: [ 134.827 , 273.16 ]  89% HPDI: [ 128.655 , 266.059 ]
