==== model: Treebeard the Skeptic ====

$likelihood
Dv ~ dlnorm(mu, sigma[Mg])

$main_model
mu <- loga[Mg] + gamma * (Mo - 1) + tr[Tr] * sigma_tr

$gamma_def
gamma <- s_conv + gap_shift * (Mg - 1)

$prior_loga
loga[Mg] ~ dnorm(5, 2)

$prior_s
s_conv ~ dnorm(0, 1)

$prior_gs
gap_shift ~ dnorm(0, 1)

$pr_sigma
sigma[Mg] ~ dhalfnorm(0, 1)

$prior_tr
tr[Tr] ~ dnorm(0, 1)

$pr_sigma_tr
sigma_tr ~ dhalfnorm(0, 1)



==== precis: fit_sim ====

            mean    sd   5.5%  94.5%  rhat  ess_bulk ess_ratio
loga[1]    5.178 0.069  5.066  5.290 1.000  8947.247     0.596
loga[2]    4.803 0.105  4.634  4.971 1.000 12159.523     0.811
s_conv     0.407 0.081  0.278  0.536 1.000 12499.806     0.833
gap_shift  0.229 0.158 -0.025  0.482 1.001 11041.472     0.736
sigma[1]   0.449 0.043  0.387  0.524 1.001  3601.912     0.240
sigma[2]   0.737 0.057  0.649  0.831 1.000 10308.892     0.687
tr[1]      0.016 0.710 -1.127  1.141 1.000 20338.632     1.356
tr[2]      0.692 0.736 -0.486  1.851 1.000 21451.232     1.430
tr[3]      0.142 0.715 -1.009  1.264 1.000 20105.265     1.340
tr[4]     -0.303 0.724 -1.458  0.862 1.000 20235.957     1.349
tr[5]     -0.256 0.851 -1.611  1.134 1.000 20912.691     1.394
tr[6]     -0.325 0.723 -1.474  0.828 1.001 20202.041     1.347
tr[7]     -0.578 0.732 -1.748  0.592 1.000 19309.231     1.287
tr[8]     -0.644 0.867 -2.014  0.733 1.000 19409.781     1.294
tr[9]      0.251 0.853 -1.116  1.603 1.000 21507.452     1.434
tr[10]    -0.145 0.725 -1.302  0.998 1.000 21005.409     1.400
tr[11]     0.190 0.726 -0.959  1.343 1.001 21050.630     1.403
tr[12]    -0.369 0.862 -1.731  1.012 1.000 20019.596     1.335
tr[13]     0.086 0.848 -1.274  1.435 1.000 20448.544     1.363
tr[14]     0.881 0.874 -0.526  2.266 1.000 17827.092     1.188
tr[15]    -0.228 0.862 -1.596  1.154 1.001 19947.947     1.330
tr[16]     1.374 0.740  0.165  2.519 1.000 13819.303     0.921
tr[17]    -0.276 0.718 -1.412  0.896 1.001 20210.885     1.347
tr[18]     0.609 0.869 -0.773  1.981 1.001 19691.431     1.313
tr[19]    -0.588 0.723 -1.733  0.575 1.001 19542.083     1.303
tr[20]     0.254 0.855 -1.103  1.628 1.001 22592.123     1.506
tr[21]     0.657 0.724 -0.519  1.795 1.001 20204.179     1.347
tr[22]    -0.234 0.862 -1.607  1.129 1.000 23347.722     1.557
tr[23]     0.246 0.721 -0.909  1.399 1.001 21180.554     1.412
tr[24]    -0.034 0.859 -1.410  1.338 1.001 23061.165     1.537
tr[25]    -0.230 0.863 -1.607  1.145 1.001 22525.132     1.502
tr[26]     0.283 0.856 -1.084  1.651 1.001 22485.334     1.499
tr[27]     0.541 0.868 -0.859  1.931 1.000 20330.858     1.355
tr[28]     0.238 0.865 -1.138  1.619 1.000 22490.922     1.499
tr[29]     0.033 0.721 -1.118  1.193 1.001 19914.370     1.328
tr[30]     0.679 0.870 -0.741  2.048 1.001 17924.283     1.195
tr[31]     0.210 0.853 -1.143  1.572 1.000 20181.804     1.345
tr[32]     0.079 0.847 -1.254  1.448 1.001 22165.110     1.478
tr[33]     0.007 0.717 -1.147  1.150 1.000 21923.206     1.462
tr[34]    -1.511 0.768 -2.699 -0.276 1.000 13011.037     0.867
tr[35]     0.783 0.725 -0.381  1.917 1.000 17731.367     1.182
tr[36]     0.112 0.721 -1.043  1.252 1.001 21826.216     1.455
tr[37]     0.898 0.726 -0.258  2.030 1.001 15940.944     1.063
tr[38]    -0.079 0.843 -1.431  1.279 1.001 22867.660     1.525
tr[39]    -0.683 0.726 -1.832  0.485 1.000 19226.321     1.282
tr[40]     1.520 0.758  0.281  2.692 1.000 13169.817     0.878
tr[41]    -0.461 0.723 -1.610  0.690 1.000 19330.935     1.289
tr[42]    -0.982 0.868 -2.354  0.440 1.001 17189.883     1.146
tr[43]    -0.568 0.860 -1.920  0.805 1.000 20049.246     1.337
tr[44]     0.293 0.862 -1.092  1.653 1.000 21451.192     1.430
tr[45]     0.500 0.718 -0.651  1.640 1.000 18679.281     1.245
tr[46]     0.002 0.858 -1.367  1.366 1.001 21835.563     1.456
tr[47]    -0.271 0.718 -1.401  0.871 1.000 20259.662     1.351
tr[48]    -0.155 0.862 -1.533  1.209 1.001 22259.550     1.484
tr[49]    -0.196 0.862 -1.563  1.184 1.001 21056.673     1.404
tr[50]    -0.601 0.724 -1.735  0.554 1.001 20306.547     1.354
tr[51]    -0.226 0.857 -1.587  1.148 1.001 23088.148     1.539
tr[52]    -0.170 0.861 -1.542  1.216 1.001 21452.804     1.430
tr[53]    -0.339 0.856 -1.696  1.030 1.000 20432.120     1.362
tr[54]     0.277 0.848 -1.086  1.632 1.001 22944.674     1.530
tr[55]    -0.659 0.724 -1.792  0.507 1.001 20521.024     1.368
tr[56]    -0.139 0.713 -1.280  0.983 1.000 20918.861     1.395
tr[57]    -0.120 0.706 -1.256  1.014 1.001 20471.524     1.365
tr[58]    -1.105 0.740 -2.267  0.103 1.001 17102.233     1.140
tr[59]    -1.146 0.736 -2.305  0.056 1.000 15156.016     1.010
tr[60]    -0.958 0.732 -2.114  0.208 1.000 18682.580     1.246
tr[61]     0.772 0.723 -0.381  1.919 1.002 18384.589     1.226
tr[62]    -1.166 0.742 -2.323  0.045 1.001 16384.045     1.092
tr[63]    -0.171 0.716 -1.291  0.971 1.001 19515.274     1.301
tr[64]     0.162 0.721 -0.991  1.296 1.000 22055.133     1.470
tr[65]    -0.654 0.866 -2.015  0.732 1.000 21751.820     1.450
tr[66]     0.263 0.719 -0.882  1.401 1.000 21431.226     1.429
tr[67]    -0.186 0.857 -1.539  1.184 1.001 22719.145     1.515
tr[68]     0.604 0.728 -0.571  1.742 1.000 18714.151     1.248
tr[69]    -0.625 0.862 -2.010  0.762 1.001 19559.275     1.304
tr[70]     0.276 0.708 -0.860  1.413 1.001 20418.959     1.361
tr[71]     0.140 0.857 -1.231  1.513 1.001 20944.427     1.396
tr[72]    -0.004 0.707 -1.132  1.129 1.000 21251.435     1.417
tr[73]     0.689 0.873 -0.700  2.053 1.000 19630.716     1.309
tr[74]    -0.137 0.853 -1.520  1.218 1.001 19620.563     1.308
tr[75]    -0.782 0.874 -2.179  0.605 1.001 18240.121     1.216
tr[76]     1.499 0.731  0.304  2.643 1.001 14865.396     0.991
tr[77]     1.156 0.876 -0.250  2.542 1.000 16765.300     1.118
tr[78]    -0.896 0.884 -2.287  0.530 1.000 20562.511     1.371
tr[79]     0.233 0.857 -1.154  1.594 1.001 23625.914     1.575
tr[80]     0.310 0.857 -1.062  1.682 1.000 22412.688     1.494
tr[81]    -0.098 0.719 -1.227  1.067 1.000 21346.819     1.423
tr[82]    -0.544 0.859 -1.900  0.846 1.000 19299.844     1.287
tr[83]     0.013 0.718 -1.128  1.157 1.000 22570.579     1.505
tr[84]     0.937 0.729 -0.234  2.073 1.001 17187.774     1.146
tr[85]    -1.182 0.886 -2.576  0.250 1.001 15738.468     1.049
tr[86]     0.389 0.857 -0.975  1.748 1.002 20580.863     1.372
tr[87]    -0.115 0.874 -1.501  1.285 1.000 20815.418     1.388
tr[88]     0.184 0.722 -0.950  1.340 1.000 20419.802     1.361
tr[89]     0.490 0.872 -0.918  1.866 1.000 19596.294     1.306
tr[90]    -0.197 0.852 -1.552  1.171 1.001 21551.345     1.437
tr[91]    -0.719 0.863 -2.087  0.679 1.000 18133.898     1.209
tr[92]     0.638 0.870 -0.775  2.011 1.000 19640.337     1.309
tr[93]     0.552 0.868 -0.867  1.925 1.001 20826.945     1.388
tr[94]    -0.843 0.721 -1.979  0.308 1.001 19515.031     1.301
tr[95]    -0.535 0.722 -1.684  0.624 1.001 19734.387     1.316
tr[96]     0.633 0.878 -0.777  2.047 1.001 17924.745     1.195
tr[97]    -0.085 0.723 -1.221  1.072 1.001 20979.554     1.399
tr[98]     0.093 0.871 -1.292  1.496 1.001 22208.793     1.481
tr[99]     1.112 0.739 -0.086  2.274 1.001 16723.623     1.115
tr[100]   -0.034 0.863 -1.393  1.343 1.001 22975.265     1.532
tr[101]   -0.010 0.721 -1.150  1.137 1.000 18604.785     1.240
tr[102]    0.344 0.718 -0.799  1.484 1.001 20595.825     1.373
tr[103]    0.972 0.739 -0.219  2.127 1.001 16515.835     1.101
tr[104]    0.120 0.851 -1.232  1.486 1.001 21484.604     1.432
tr[105]   -0.631 0.723 -1.770  0.530 1.000 18761.116     1.251
tr[106]    0.033 0.715 -1.112  1.182 1.001 22085.727     1.472
tr[107]   -0.029 0.861 -1.409  1.343 1.000 23166.385     1.544
tr[108]    0.154 0.729 -1.020  1.320 1.000 20479.414     1.365
tr[109]    0.391 0.726 -0.775  1.561 1.000 19418.799     1.295
tr[110]    0.426 0.863 -0.953  1.805 1.000 19793.333     1.320
tr[111]    0.266 0.852 -1.104  1.642 1.000 21162.064     1.411
tr[112]   -1.588 0.749 -2.744 -0.371 1.000 14541.648     0.969
tr[113]    1.230 0.738  0.044  2.392 1.000 15601.344     1.040
tr[114]   -0.410 0.709 -1.557  0.737 1.001 19201.871     1.280
tr[115]   -0.247 0.856 -1.615  1.141 1.001 21932.586     1.462
tr[116]   -0.455 0.709 -1.585  0.692 1.001 18906.601     1.260
tr[117]    0.454 0.711 -0.694  1.566 1.001 21428.097     1.429
tr[118]   -0.913 0.722 -2.042  0.239 1.000 17204.586     1.147
tr[119]    0.098 0.861 -1.295  1.468 1.001 21086.717     1.406
tr[120]    0.187 0.720 -0.960  1.321 1.001 18110.034     1.207
sigma_tr   0.314 0.066  0.205  0.410 1.002  2705.875     0.180


==== parameter recovery ====
      param  true post_median   lo89  hi89 covered
1     loga1 5.193       5.178  5.066 5.290    TRUE
2     loga2 4.787       4.803  4.634 4.971    TRUE
3    s_conv 0.350       0.407  0.278 0.536    TRUE
4 gap_shift 0.200       0.230 -0.025 0.482    TRUE
5    sigma1 0.472       0.445  0.387 0.524    TRUE
6    sigma2 0.703       0.735  0.649 0.831    TRUE
7  sigma_tr 0.300       0.319  0.205 0.410    TRUE
covered: 7 / 7 


==== posterior contrast ====
Median May gap (Organic - Conventional) -- mean: -55.193  median: -55.051  89% PI: [ -83.42 , -27.019 ]  89% HPDI: [ -83.218 , -26.911 ]
Median July gap (Organic - Conventional) -- mean: -35.541  median: -35.901  89% PI: [ -84.211 , 14.134 ]  89% HPDI: [ -83.858 , 14.288 ]
Seasonal change in median gap (July - May) -- mean: 19.653  median: 19.555  89% PI: [ -29.983 , 70.85 ]  89% HPDI: [ -30.925 , 69.63 ]
