==== model: The Structured Splitter ====

$likelihood
Dv ~ dlnorm(mu, sigma)

$main_model
mu <- loga[Mg] + gamma * (Mo - 1) + b[Lo] * sigma_loc + yr[Yr] + 
    tr[Tr] * sigma_tr

$gamma_def
gamma <- s_conv + gap_shift * (Mg - 1)

$sigma_def
sigma <- exp(ls0 + ls_Mg * (Mg - 1) + ls_Mo * (Mo - 1) + ls_MgMo * 
    (Mg - 1) * (Mo - 1))

$prior_loga
loga[Mg] ~ dnorm(5, 2)

$prior_b
b[Lo] ~ dnorm(0, 1)

$prior_s
s_conv ~ dnorm(0, 1)

$prior_gs
gap_shift ~ dnorm(0, 1)

$prior_yr
yr[Yr] ~ dnorm(0, 1)

$prior_tr
tr[Tr] ~ dnorm(0, 1)

$prior_ls0
ls0 ~ dnorm(0, 0.5)

$prior_ls_Mg
ls_Mg ~ dnorm(0, 0.5)

$prior_ls_Mo
ls_Mo ~ dnorm(0, 0.5)

$prior_ls_MgMo
ls_MgMo ~ dnorm(0, 0.5)

$pr_sigma_loc
sigma_loc ~ dexp(2)

$pr_sigma_tr
sigma_tr ~ dexp(2)



==== precis: fit_sim ====

            mean    sd   5.5%  94.5%  rhat  ess_bulk ess_ratio
loga[1]    5.401 0.636  4.387  6.402 1.001  5299.112     0.353
loga[2]    4.966 0.656  3.930  6.006 1.000  5420.586     0.361
b[1]      -0.967 0.614 -1.991 -0.012 1.000  7114.885     0.474
b[2]       1.062 0.606  0.118  2.047 1.000  7881.505     0.525
b[3]      -0.725 0.574 -1.665  0.171 1.000  7224.808     0.482
b[4]       0.731 0.557 -0.134  1.645 1.000  7642.245     0.509
s_conv     0.246 0.179 -0.040  0.533 1.000 16951.419     1.130
gap_shift  0.271 0.293 -0.199  0.743 1.000 16364.009     1.091
yr[1]     -0.013 0.540 -0.874  0.854 1.000  5591.704     0.373
yr[2]      0.232 0.535 -0.625  1.099 1.000  5493.098     0.366
yr[3]     -0.101 0.537 -0.958  0.761 1.000  5508.222     0.367
tr[1]      0.371 0.909 -1.112  1.792 1.001 19736.482     1.316
tr[2]     -0.118 0.897 -1.535  1.304 1.000 27564.738     1.838
tr[3]     -0.353 0.948 -1.858  1.178 1.001 16631.335     1.109
tr[4]     -0.364 0.946 -1.862  1.184 1.001 12597.226     0.840
tr[5]     -0.078 0.887 -1.493  1.339 1.000 26093.301     1.740
tr[6]      0.175 0.908 -1.285  1.605 1.000 26675.118     1.778
tr[7]      0.376 0.962 -1.191  1.872 1.001 14105.267     0.940
tr[8]     -0.410 0.941 -1.885  1.109 1.000 12669.824     0.845
tr[9]      0.106 0.913 -1.359  1.563 1.000 26699.492     1.780
tr[10]    -0.041 0.887 -1.451  1.370 1.000 25277.781     1.685
tr[11]    -0.084 0.889 -1.484  1.340 1.000 25266.683     1.684
tr[12]    -0.113 0.895 -1.528  1.329 1.001 24655.659     1.644
tr[13]     0.013 0.932 -1.482  1.497 1.000 26171.422     1.745
tr[14]    -0.230 0.922 -1.687  1.249 1.001 24308.921     1.621
tr[15]    -0.427 0.915 -1.860  1.082 1.001 14474.658     0.965
tr[16]     0.191 0.891 -1.246  1.582 1.001 22282.451     1.485
tr[17]     0.113 0.890 -1.320  1.544 1.000 25572.682     1.705
tr[18]    -0.413 0.921 -1.856  1.089 1.001 12368.131     0.825
tr[19]    -0.041 0.879 -1.429  1.348 1.000 23856.963     1.590
tr[20]    -0.119 0.890 -1.528  1.314 1.001 22169.138     1.478
tr[21]    -0.375 0.906 -1.791  1.111 1.001 13943.922     0.930
tr[22]    -0.464 0.913 -1.864  1.045 1.000 12132.192     0.809
tr[23]     0.141 0.932 -1.352  1.618 1.001 22973.003     1.532
tr[24]     0.162 0.922 -1.339  1.613 1.001 21325.489     1.422
tr[25]     0.492 0.957 -1.052  1.977 1.001  7818.532     0.521
tr[26]     0.025 0.912 -1.447  1.469 1.001 25575.160     1.705
tr[27]     0.636 0.980 -0.977  2.143 1.001  6332.561     0.422
tr[28]     0.714 0.946 -0.850  2.173 1.001  7912.144     0.527
tr[29]    -0.011 0.888 -1.421  1.409 1.001 27620.843     1.841
tr[30]    -0.066 0.910 -1.529  1.388 1.001 26688.396     1.779
tr[31]    -0.318 0.932 -1.756  1.214 1.000 16023.801     1.068
tr[32]    -0.016 0.913 -1.492  1.449 1.001 27087.125     1.806
tr[33]     0.141 0.876 -1.251  1.540 1.001 24515.740     1.634
tr[34]     0.222 0.933 -1.287  1.688 1.001 19875.411     1.325
tr[35]    -0.191 0.914 -1.640  1.283 1.001 24897.643     1.660
tr[36]    -0.087 0.883 -1.500  1.331 1.000 24754.374     1.650
tr[37]    -0.300 0.903 -1.716  1.160 1.002 22551.217     1.503
tr[38]    -0.042 0.890 -1.442  1.380 1.000 23015.803     1.534
tr[39]    -0.415 0.955 -1.898  1.138 1.001 11676.291     0.778
tr[40]    -0.081 0.928 -1.545  1.429 1.000 22769.161     1.518
tr[41]     0.532 0.922 -0.986  1.950 1.000 11851.297     0.790
tr[42]    -0.146 0.903 -1.574  1.311 1.000 23516.077     1.568
tr[43]    -0.121 0.887 -1.526  1.292 1.001 28015.546     1.868
tr[44]     0.000 0.871 -1.391  1.378 1.000 26419.516     1.761
tr[45]     0.270 0.912 -1.195  1.701 1.001 22814.456     1.521
tr[46]    -0.785 0.984 -2.284  0.851 1.001  6587.947     0.439
tr[47]    -0.194 0.885 -1.589  1.230 1.001 24194.005     1.613
tr[48]    -0.038 0.918 -1.517  1.448 1.001 22192.230     1.479
tr[49]    -0.371 0.910 -1.797  1.106 1.001 17407.553     1.161
tr[50]     0.480 0.953 -1.083  1.967 1.001  8823.683     0.588
tr[51]     0.558 0.938 -0.987  2.007 1.001 12284.910     0.819
tr[52]    -0.097 0.880 -1.488  1.323 1.000 24789.049     1.653
tr[53]     0.649 0.966 -0.945  2.132 1.001  7263.109     0.484
tr[54]     0.157 0.915 -1.301  1.607 1.000 22559.910     1.504
tr[55]     0.370 0.920 -1.134  1.818 1.000 13420.440     0.895
tr[56]    -0.137 0.936 -1.619  1.378 1.001 21699.030     1.447
tr[57]     0.186 0.933 -1.313  1.670 1.000 22001.560     1.467
tr[58]     0.088 0.917 -1.399  1.529 1.000 22281.464     1.485
tr[59]    -0.008 0.933 -1.501  1.468 1.002 25247.241     1.683
tr[60]     0.049 0.885 -1.385  1.449 1.001 26182.216     1.745
tr[61]     0.179 0.888 -1.250  1.582 1.001 24039.458     1.603
tr[62]     0.067 0.889 -1.380  1.484 1.001 28553.275     1.904
tr[63]    -0.307 0.907 -1.722  1.163 1.000 14579.492     0.972
tr[64]     0.762 1.022 -0.899  2.328 1.001  5243.521     0.350
tr[65]    -0.379 0.960 -1.884  1.188 1.001 12311.670     0.821
tr[66]     0.433 0.926 -1.078  1.874 1.001 13365.846     0.891
tr[67]    -0.461 0.954 -1.955  1.077 1.001 10987.763     0.733
tr[68]    -0.241 0.928 -1.700  1.246 1.000 22055.302     1.470
tr[69]     0.043 0.905 -1.402  1.491 1.001 23986.828     1.599
tr[70]     0.202 0.891 -1.238  1.607 1.001 19379.789     1.292
tr[71]    -0.121 0.884 -1.529  1.341 1.001 23162.109     1.544
tr[72]    -0.190 0.895 -1.610  1.250 1.000 24417.128     1.628
tr[73]     0.238 0.930 -1.272  1.712 1.000 21480.855     1.432
tr[74]    -0.161 0.913 -1.620  1.294 1.000 26755.231     1.784
tr[75]    -0.425 0.959 -1.922  1.133 1.000 13085.264     0.872
tr[76]     0.115 0.912 -1.339  1.567 1.000 25533.543     1.702
tr[77]     0.640 1.005 -1.006  2.204 1.001  6235.058     0.416
tr[78]    -0.576 0.969 -2.079  0.992 1.001  8178.004     0.545
tr[79]    -0.141 0.914 -1.586  1.332 1.000 24969.317     1.665
tr[80]     0.380 0.908 -1.111  1.795 1.000 15724.518     1.048
tr[81]    -0.406 0.920 -1.819  1.105 1.001 14897.415     0.993
tr[82]    -0.361 0.905 -1.784  1.121 1.000 17367.556     1.158
tr[83]     0.190 0.896 -1.258  1.590 1.001 18673.308     1.245
tr[84]     0.544 0.982 -1.084  2.066 1.000  8833.563     0.589
tr[85]     0.355 0.958 -1.197  1.840 1.001  9770.545     0.651
tr[86]     0.530 0.964 -1.052  2.028 1.002  9425.679     0.628
tr[87]    -0.506 0.986 -2.034  1.107 1.000  7733.669     0.516
tr[88]    -0.140 0.892 -1.545  1.284 1.001 23131.612     1.542
tr[89]    -0.564 0.969 -2.080  1.000 1.001  8180.828     0.545
tr[90]     0.144 0.919 -1.333  1.604 1.001 25581.978     1.705
tr[91]    -0.234 0.926 -1.693  1.277 1.000 20135.921     1.342
tr[92]    -0.044 0.880 -1.454  1.359 1.000 23049.339     1.537
tr[93]    -0.426 0.962 -1.931  1.135 1.000 10976.035     0.732
tr[94]     0.430 0.953 -1.129  1.926 1.001 11189.812     0.746
tr[95]     0.007 0.881 -1.405  1.408 1.001 25287.213     1.686
tr[96]     0.406 0.933 -1.115  1.873 1.000 12338.302     0.823
tr[97]     0.529 0.932 -1.017  1.956 1.000  8830.152     0.589
tr[98]     0.331 0.909 -1.150  1.751 1.000 17393.630     1.160
tr[99]    -0.941 0.995 -2.459  0.693 1.001  5127.184     0.342
tr[100]   -0.406 0.925 -1.844  1.111 1.001 12183.000     0.812
tr[101]   -0.218 0.936 -1.696  1.279 1.001 21575.053     1.438
tr[102]   -0.133 0.926 -1.613  1.349 1.001 22163.378     1.478
tr[103]    1.168 1.088 -0.665  2.808 1.002  3238.267     0.216
tr[104]   -0.634 0.938 -2.057  0.935 1.001  8154.673     0.544
tr[105]    0.289 0.894 -1.160  1.700 1.001 20287.126     1.352
tr[106]   -0.583 0.947 -2.024  0.979 1.000  9048.373     0.603
tr[107]   -0.282 0.928 -1.716  1.235 1.000 16814.424     1.121
tr[108]    0.687 0.996 -0.941  2.223 1.001  6988.235     0.466
tr[109]   -0.672 0.989 -2.204  0.950 1.001  5872.573     0.392
tr[110]    0.771 0.963 -0.813  2.251 1.001  6558.293     0.437
tr[111]    0.033 0.923 -1.424  1.496 1.000 25804.797     1.720
tr[112]    0.168 0.933 -1.317  1.622 1.001 21790.879     1.453
tr[113]   -0.293 0.905 -1.707  1.203 1.000 17523.422     1.168
tr[114]   -0.244 0.895 -1.662  1.221 1.000 21803.825     1.454
tr[115]    0.082 0.879 -1.338  1.489 1.000 26546.937     1.770
tr[116]   -0.145 0.920 -1.603  1.326 1.001 24508.916     1.634
tr[117]    0.621 0.989 -0.982  2.152 1.001  7370.590     0.491
tr[118]   -0.014 0.885 -1.435  1.400 1.001 23109.841     1.541
tr[119]    0.298 0.939 -1.239  1.762 1.000 15212.920     1.014
tr[120]   -0.542 0.950 -2.018  0.991 1.001 12003.427     0.800
ls0        0.320 0.087  0.183  0.459 1.000 11293.761     0.753
ls_Mg      0.270 0.122  0.073  0.465 1.000 11564.663     0.771
ls_Mo     -0.995 0.173 -1.289 -0.742 1.002  2384.253     0.159
ls_MgMo   -0.028 0.204 -0.343  0.294 1.001  7523.045     0.502
sigma_loc  0.724 0.294  0.390  1.258 1.000  7670.744     0.511
sigma_tr   0.238 0.136  0.027  0.453 1.005  1200.515     0.080


==== parameter recovery ====
      param   true post_median   lo89   hi89 covered
1     loga1  5.193       5.398  4.387  6.402    TRUE
2     loga2  4.787       4.965  3.930  6.006    TRUE
3    s_conv  0.350       0.244 -0.040  0.533    TRUE
4 gap_shift  0.200       0.269 -0.199  0.743    TRUE
5       ls0  0.340       0.318  0.183  0.459    TRUE
6     ls_Mg  0.170       0.269  0.073  0.465    TRUE
7     ls_Mo -1.160      -0.983 -1.289 -0.742    TRUE
8   ls_MgMo  0.140      -0.029 -0.343  0.294    TRUE
covered: 8 / 8 


==== posterior contrast ====
Median May gap (Organic - Conventional) -- mean: -93.103  median: -70.654  89% PI: [ -258.88 , 2.725 ]  89% HPDI: [ -220.252 , 22.369 ]
Median July gap (Organic - Conventional) -- mean: -51.306  median: -38.165  89% PI: [ -147.687 , 6.795 ]  89% HPDI: [ -127.032 , 18.726 ]
Seasonal change in median gap (July - May) -- mean: 41.797  median: 29.872  89% PI: [ -60.466 , 179.31 ]  89% HPDI: [ -67.638 , 168.084 ]
