==== model: Faramir the Judicious ====

$likelihood
Dv ~ dlnorm(mu, sigma[Mg])

$main_model
mu <- loga[Mg] + gamma * (Mo - 1) + yr_eff + lo_eff + tr[Tr] * 
    sigma_tr + b_deg * deg_h_z + b_precip * precip_72h_z + b_seq * 
    seq_depth_z

$gamma_def
gamma <- s_conv + gap_shift * (Mg - 1)

$prior_loga
loga[Mg] ~ dnorm(5, 2)

$prior_s
s_conv ~ dnorm(0, 1)

$prior_gs
gap_shift ~ dnorm(0, 1)

$pr_sigma
sigma[Mg] ~ dhalfnorm(0, 1)

$yr_eff_def
yr_eff <- yr1 * (Yr == 1) + yr2 * (Yr == 2) - (yr1 + yr2) * (Yr == 
    3)

$prior_yr1
yr1 ~ dnorm(0, 1)

$prior_yr2
yr2 ~ dnorm(0, 1)

$prior_deg
b_deg ~ dnorm(0, 1)

$prior_precip
b_precip ~ dnorm(0, 1)

$prior_seq
b_seq ~ dnorm(0, 1)

$prior_tr
tr[Tr] ~ dnorm(0, 1)

$pr_sigma_tr
sigma_tr ~ dhalfnorm(0, 1)

$lo_eff_def
lo_eff <- lo1 * (Lo == 1) - lo1 * (Lo == 2)

$prior_lo1
lo1 ~ dnorm(0, 1)

attr(,"name")
[1] "Faramir the Judicious"


==== precis: fit_sim ====

            mean    sd   5.5%  94.5%  rhat  ess_bulk ess_ratio
loga[1]    5.072 0.069  4.961  5.184 1.000  9900.213     0.660
loga[2]    4.635 0.116  4.451  4.818 1.000 12394.524     0.826
s_conv     0.304 0.086  0.167  0.443 1.000 11280.885     0.752
gap_shift  0.569 0.174  0.289  0.844 1.000 11635.937     0.776
sigma[1]   0.526 0.045  0.458  0.602 1.002  3435.288     0.229
sigma[2]   0.743 0.062  0.650  0.848 1.000 10408.095     0.694
yr1        0.123 0.064  0.022  0.226 1.000 11404.139     0.760
yr2        0.304 0.065  0.200  0.407 1.000 11330.038     0.755
b_deg      0.235 0.042  0.167  0.301 1.001 15747.352     1.050
b_precip  -0.140 0.039 -0.202 -0.076 1.000 18112.919     1.208
b_seq      0.330 0.045  0.259  0.403 1.000 13331.555     0.889
tr[1]      0.245 0.829 -1.090  1.557 1.000 19555.223     1.304
tr[2]      0.395 0.900 -1.067  1.815 1.000 18863.205     1.258
tr[3]     -1.171 0.886 -2.531  0.290 1.001  8336.853     0.556
tr[4]      0.268 0.832 -1.067  1.596 1.000 20566.216     1.371
tr[5]      0.872 0.865 -0.528  2.215 1.001 12291.534     0.819
tr[6]     -0.625 0.847 -1.957  0.751 1.001 13348.438     0.890
tr[7]      0.306 0.842 -1.043  1.621 1.001 19816.569     1.321
tr[8]      0.011 0.837 -1.314  1.354 1.000 21060.309     1.404
tr[9]     -0.297 0.835 -1.622  1.047 1.000 18805.274     1.254
tr[10]    -0.376 0.896 -1.810  1.043 1.000 18914.415     1.261
tr[11]    -0.537 0.846 -1.867  0.821 1.000 17573.952     1.172
tr[12]    -0.014 0.843 -1.349  1.318 1.000 21441.288     1.429
tr[13]    -0.231 0.886 -1.637  1.192 1.000 19325.075     1.288
tr[14]     0.398 0.914 -1.068  1.848 1.001 19599.240     1.307
tr[15]    -0.411 0.836 -1.720  0.944 1.001 15869.888     1.058
tr[16]     0.775 0.947 -0.752  2.269 1.000 13493.427     0.900
tr[17]     0.063 0.827 -1.264  1.388 1.000 21193.005     1.413
tr[18]     0.194 0.841 -1.160  1.523 1.001 21068.052     1.405
tr[19]    -0.175 0.901 -1.597  1.282 1.001 21299.508     1.420
tr[20]     0.094 0.881 -1.315  1.497 1.000 21072.526     1.405
tr[21]     0.411 0.911 -1.049  1.857 1.000 18767.129     1.251
tr[22]     0.337 0.834 -1.011  1.644 1.001 17722.294     1.181
tr[23]    -0.696 0.839 -2.000  0.666 1.000 13931.031     0.929
tr[24]    -0.047 0.891 -1.480  1.378 1.000 22461.624     1.497
tr[25]     0.214 0.843 -1.152  1.547 1.000 20568.172     1.371
tr[26]    -0.883 0.929 -2.326  0.655 1.000 11424.607     0.762
tr[27]     0.302 0.903 -1.145  1.723 1.001 19367.372     1.291
tr[28]     0.583 0.844 -0.780  1.910 1.001 17475.557     1.165
tr[29]     0.637 0.847 -0.730  1.973 1.000 13893.745     0.926
tr[30]    -0.235 0.909 -1.688  1.207 1.000 19785.520     1.319
tr[31]     0.905 0.869 -0.524  2.254 1.000 11851.911     0.790
tr[32]     0.148 0.906 -1.310  1.576 1.001 21254.321     1.417
tr[33]    -0.554 0.851 -1.895  0.824 1.000 16850.268     1.123
tr[34]    -0.321 0.902 -1.743  1.131 1.001 20118.525     1.341
tr[35]     1.331 0.893 -0.179  2.694 1.001  8076.560     0.538
tr[36]    -0.258 0.884 -1.659  1.164 1.000 18394.802     1.226
tr[37]    -0.549 0.845 -1.879  0.818 1.000 14923.402     0.995
tr[38]    -0.145 0.833 -1.477  1.186 1.001 20530.298     1.369
tr[39]    -0.740 0.845 -2.060  0.632 1.001 12134.438     0.809
tr[40]     0.251 0.827 -1.060  1.570 1.001 17550.656     1.170
tr[41]     0.244 0.906 -1.196  1.691 1.000 20267.950     1.351
tr[42]     0.157 0.834 -1.187  1.483 1.002 18996.021     1.266
tr[43]     0.093 0.836 -1.237  1.434 1.001 19491.878     1.299
tr[44]     0.469 0.848 -0.894  1.792 1.000 15511.001     1.034
tr[45]    -0.140 0.830 -1.462  1.194 1.000 20059.599     1.337
tr[46]     0.177 0.894 -1.259  1.587 1.001 20762.141     1.384
tr[47]     0.475 0.912 -0.998  1.924 1.001 17623.198     1.175
tr[48]    -0.416 0.908 -1.849  1.036 1.001 17910.325     1.194
tr[49]     0.135 0.890 -1.307  1.562 1.000 22672.589     1.512
tr[50]     0.511 0.845 -0.831  1.850 1.000 17435.671     1.162
tr[51]     0.198 0.833 -1.149  1.516 1.001 20011.377     1.334
tr[52]     0.070 0.886 -1.341  1.490 1.001 20880.694     1.392
tr[53]     0.038 0.899 -1.391  1.469 1.000 21739.358     1.449
tr[54]    -0.082 0.899 -1.527  1.362 1.001 22654.980     1.510
tr[55]     0.342 0.919 -1.126  1.809 1.001 19036.815     1.269
tr[56]    -0.223 0.835 -1.529  1.120 1.001 21412.557     1.428
tr[57]     0.476 0.846 -0.904  1.793 1.001 18314.347     1.221
tr[58]     0.241 0.901 -1.204  1.678 1.000 20507.792     1.367
tr[59]     0.405 0.898 -1.039  1.818 1.000 17390.062     1.159
tr[60]     0.257 0.851 -1.119  1.601 1.000 20149.494     1.343
tr[61]     0.051 0.824 -1.264  1.359 1.001 21352.771     1.424
tr[62]     0.388 0.846 -0.976  1.740 1.000 18050.263     1.203
tr[63]     0.005 0.834 -1.336  1.325 1.000 20149.908     1.343
tr[64]     0.651 0.862 -0.751  1.992 1.001 15869.178     1.058
tr[65]    -0.491 0.844 -1.810  0.868 1.001 18777.204     1.252
tr[66]    -1.288 0.909 -2.677  0.229 1.001  8031.168     0.535
tr[67]     0.384 0.893 -1.065  1.793 1.000 18474.132     1.232
tr[68]    -0.186 0.836 -1.506  1.158 1.000 21314.156     1.421
tr[69]    -0.502 0.840 -1.835  0.857 1.000 17327.182     1.155
tr[70]    -0.273 0.835 -1.584  1.059 1.000 19684.428     1.312
tr[71]    -0.296 0.915 -1.773  1.171 1.001 20421.396     1.361
tr[72]    -0.349 0.913 -1.795  1.110 1.001 18083.951     1.206
tr[73]     0.520 0.906 -0.928  1.952 1.000 15712.292     1.047
tr[74]     0.131 0.841 -1.221  1.467 1.000 20431.505     1.362
tr[75]    -0.073 0.836 -1.390  1.258 1.000 20778.991     1.385
tr[76]    -0.232 0.830 -1.574  1.090 1.000 19320.071     1.288
tr[77]    -0.422 0.843 -1.744  0.944 1.000 19595.001     1.306
tr[78]    -0.091 0.901 -1.509  1.337 1.000 20976.186     1.398
tr[79]     0.137 0.908 -1.307  1.588 1.001 19854.955     1.324
tr[80]    -0.203 0.892 -1.617  1.220 1.000 20978.425     1.399
tr[81]     0.716 0.864 -0.702  2.061 1.001 13900.161     0.927
tr[82]    -0.652 0.919 -2.101  0.834 1.000 14727.935     0.982
tr[83]    -0.094 0.895 -1.516  1.341 1.000 21286.386     1.419
tr[84]     0.373 0.905 -1.066  1.813 1.000 19098.246     1.273
tr[85]     0.361 0.846 -0.997  1.695 1.001 19180.726     1.279
tr[86]     0.106 0.836 -1.234  1.440 1.000 20411.109     1.361
tr[87]    -0.111 0.827 -1.432  1.201 1.001 21026.531     1.402
tr[88]    -0.279 0.839 -1.626  1.062 1.001 18371.195     1.225
tr[89]    -0.636 0.929 -2.079  0.849 1.000 15939.512     1.063
tr[90]    -0.844 0.865 -2.198  0.545 1.000 13009.643     0.867
tr[91]     0.564 0.916 -0.912  2.009 1.000 17544.043     1.170
tr[92]     0.588 0.915 -0.893  2.033 1.000 17044.966     1.136
tr[93]    -0.249 0.833 -1.536  1.083 1.001 20003.536     1.334
tr[94]    -0.250 0.847 -1.586  1.098 1.001 20412.819     1.361
tr[95]     1.083 0.890 -0.372  2.465 1.000 10413.835     0.694
tr[96]    -0.208 0.891 -1.630  1.223 1.000 21837.237     1.456
tr[97]     1.135 0.892 -0.334  2.497 1.001  9131.491     0.609
tr[98]     0.051 0.910 -1.412  1.503 1.000 21020.660     1.401
tr[99]     0.359 0.831 -0.974  1.682 1.001 17992.538     1.200
tr[100]   -0.389 0.907 -1.826  1.073 1.001 19585.695     1.306
tr[101]   -0.314 0.842 -1.639  1.051 1.000 20456.397     1.364
tr[102]    0.593 0.917 -0.900  2.032 1.000 16272.886     1.085
tr[103]   -0.598 0.916 -2.058  0.891 1.001 14683.113     0.979
tr[104]   -0.150 0.825 -1.465  1.183 1.001 20574.534     1.372
tr[105]   -0.010 0.834 -1.343  1.332 1.000 21584.500     1.439
tr[106]    0.979 0.865 -0.432  2.321 1.001 10810.522     0.721
tr[107]    0.034 0.833 -1.300  1.353 1.000 21669.286     1.445
tr[108]    0.133 0.824 -1.200  1.435 1.001 20482.153     1.365
tr[109]   -1.181 0.887 -2.544  0.287 1.001  8480.492     0.565
tr[110]   -0.473 0.914 -1.906  1.008 1.000 16539.356     1.103
tr[111]   -0.603 0.830 -1.914  0.728 1.000 15499.732     1.033
tr[112]   -0.406 0.843 -1.727  0.946 1.000 18328.787     1.222
tr[113]   -0.245 0.902 -1.677  1.198 1.001 20697.518     1.380
tr[114]   -0.395 0.829 -1.704  0.931 1.001 20058.106     1.337
tr[115]   -0.404 0.829 -1.696  0.933 1.001 17103.393     1.140
tr[116]   -0.622 0.912 -2.058  0.846 1.001 12221.585     0.815
tr[117]   -0.758 0.858 -2.100  0.637 1.000 14145.086     0.943
tr[118]    0.239 0.818 -1.085  1.535 1.000 18008.208     1.201
tr[119]    0.421 0.836 -0.934  1.733 1.001 18706.184     1.247
tr[120]    0.460 0.853 -0.937  1.804 1.000 19631.797     1.309
sigma_tr   0.254 0.084  0.095  0.371 1.003  2056.631     0.137
lo1        0.203 0.047  0.129  0.278 1.000 13127.486     0.875


==== parameter recovery ====
       param   true post_median   lo89   hi89 covered
1      loga1  5.193       5.072  4.961  5.184   FALSE
2      loga2  4.787       4.636  4.451  4.818    TRUE
3     s_conv  0.350       0.304  0.167  0.443    TRUE
4  gap_shift  0.200       0.569  0.289  0.844   FALSE
5     sigma1  0.472       0.523  0.458  0.602    TRUE
6     sigma2  0.703       0.739  0.650  0.848    TRUE
7   sigma_tr  0.300       0.264  0.095  0.371    TRUE
8        yr1  0.100       0.122  0.022  0.226    TRUE
9        yr2  0.300       0.304  0.200  0.407    TRUE
10       lo1  0.150       0.203  0.129  0.278    TRUE
11     b_deg  0.200       0.235  0.167  0.301    TRUE
12  b_precip -0.150      -0.140 -0.202 -0.076    TRUE
13     b_seq  0.300       0.330  0.259  0.403    TRUE
covered: 11 / 13 


==== posterior contrast ====
Median May gap (Organic - Conventional) -- mean: -56.144  median: -56.298  89% PI: [ -81.938 , -29.532 ]  89% HPDI: [ -82.61 , -30.582 ]
Median July gap (Organic - Conventional) -- mean: 31.577  median: 30.224  89% PI: [ -17.987 , 85.231 ]  89% HPDI: [ -20.709 , 81.983 ]
Seasonal change in median gap (July - May) -- mean: 87.721  median: 87.085  89% PI: [ 35.555 , 142.989 ]  89% HPDI: [ 35.845 , 143.204 ]
