==== model: Saruman the Fool ====

$likelihood
Dv ~ dlnorm(mu, sigma[Mg])

$main_model
mu <- loga[Mg] + gamma * (Mo - 1) + yr_eff + cv_eff + tr[Tr] * 
    sigma_tr + b_deg * deg_h_z + b_precip * precip_72h_z + b_seq * 
    seq_depth_z

$gamma_def
gamma <- s_conv + gap_shift * (Mg - 1)

$prior_loga
loga[Mg] ~ dnorm(2, 2)

$prior_s
s_conv ~ dnorm(0, 1)

$prior_gs
gap_shift ~ dnorm(0, 1)

$pr_sigma
sigma[Mg] ~ dhalfnorm(0, 1)

$yr_eff_def
yr_eff <- yr1 * (Yr == 1) + yr2 * (Yr == 2) - (yr1 + yr2) * (Yr == 
    3)

$prior_yr1
yr1 ~ dnorm(0, 1)

$prior_yr2
yr2 ~ dnorm(0, 1)

$prior_deg
b_deg ~ dnorm(0, 1)

$prior_precip
b_precip ~ dnorm(0, 1)

$prior_seq
b_seq ~ dnorm(0, 1)

$cv_eff_def
cv_eff <- cv_1 * (Cv == 1) + cv_3 * (Cv == 3) + cv_4 * (Cv == 
    4) + cv_5 * (Cv == 5) - (cv_1 + cv_3 + cv_4 + cv_5) * (Cv == 
    2)

$prior_cv1
cv_1 ~ dnorm(0, 1)

$prior_cv3
cv_3 ~ dnorm(0, 1)

$prior_cv4
cv_4 ~ dnorm(0, 1)

$prior_cv5
cv_5 ~ dnorm(0, 1)

$prior_tr
tr[Tr] ~ dnorm(0, 1)

$pr_sigma_tr
sigma_tr ~ dhalfnorm(0, 1)

attr(,"name")
[1] "Saruman the Fool"


==== precis: fit_MDSTYCV ====

            mean    sd   5.5%  94.5%  rhat ess_bulk ess_ratio
loga[1]    2.416 0.097  2.260  2.570 1.000 15379.80     0.513
loga[2]    1.970 0.117  1.782  2.157 1.000 24636.86     0.821
s_conv    -1.352 0.147 -1.588 -1.118 1.000 15494.19     0.516
gap_shift  2.049 0.177  1.764  2.332 1.000 26349.05     0.878
sigma[1]   0.587 0.041  0.524  0.655 1.000 22029.60     0.734
sigma[2]   0.727 0.062  0.634  0.831 1.000 23886.44     0.796
yr1       -0.060 0.077 -0.183  0.065 1.000 28803.89     0.960
yr2       -0.104 0.076 -0.225  0.018 1.000 21784.67     0.726
b_deg     -0.250 0.065 -0.354 -0.147 1.000 19167.91     0.639
b_precip   0.001 0.068 -0.107  0.110 1.000 17874.61     0.596
b_seq     -0.350 0.067 -0.457 -0.244 1.000 21528.63     0.718
cv_1       0.150 0.088  0.011  0.292 1.000 26440.45     0.881
cv_3      -0.076 0.088 -0.217  0.065 1.000 24761.51     0.825
cv_4      -0.376 0.103 -0.540 -0.210 1.000 23708.42     0.790
cv_5       0.025 0.101 -0.135  0.187 1.000 22348.62     0.745
tr[1]      0.184 0.961 -1.359  1.711 1.000 46477.45     1.549
tr[2]      0.100 0.954 -1.425  1.629 1.000 48986.65     1.633
tr[3]     -0.059 0.952 -1.581  1.471 1.000 50441.94     1.681
tr[4]     -0.123 0.949 -1.646  1.391 1.000 47799.32     1.593
tr[5]     -0.334 0.972 -1.864  1.234 1.000 40316.21     1.344
tr[6]     -0.311 0.969 -1.830  1.265 1.000 40159.09     1.339
tr[7]      0.353 0.985 -1.240  1.910 1.000 37103.00     1.237
tr[8]      0.393 0.992 -1.200  1.976 1.000 32677.12     1.089
tr[9]      0.235 0.965 -1.322  1.776 1.000 41883.02     1.396
tr[10]    -0.064 0.948 -1.577  1.449 1.000 48824.70     1.627
tr[11]    -0.012 0.949 -1.534  1.494 1.000 50912.46     1.697
tr[12]     0.008 0.959 -1.529  1.554 1.000 50120.93     1.671
tr[13]     0.068 0.967 -1.476  1.622 1.000 50779.66     1.693
tr[14]     0.145 0.958 -1.392  1.662 1.000 45554.99     1.518
tr[15]     0.145 0.959 -1.393  1.667 1.000 45125.05     1.504
tr[16]     0.004 0.951 -1.521  1.530 1.001 47030.24     1.568
tr[17]    -0.414 0.984 -1.957  1.177 1.000 33353.27     1.112
tr[18]    -0.133 0.952 -1.641  1.388 1.000 47007.30     1.567
tr[19]    -0.012 0.956 -1.535  1.516 1.000 49541.16     1.651
tr[20]    -0.047 0.967 -1.611  1.499 1.000 48488.57     1.616
tr[21]     0.092 0.973 -1.456  1.652 1.000 46590.35     1.553
tr[22]    -0.013 0.977 -1.570  1.557 1.001 49812.52     1.660
tr[23]    -0.044 0.960 -1.570  1.496 1.001 47132.32     1.571
tr[24]    -0.006 0.968 -1.542  1.534 1.000 48967.26     1.632
tr[25]    -0.033 0.970 -1.586  1.525 1.001 48768.24     1.626
tr[26]    -0.115 0.974 -1.657  1.451 1.000 49027.51     1.634
tr[27]     0.041 0.965 -1.500  1.590 1.001 49853.95     1.662
tr[28]     0.031 0.986 -1.548  1.611 1.000 52045.75     1.735
tr[29]    -0.263 0.975 -1.809  1.322 1.000 42134.74     1.404
tr[30]     0.086 0.983 -1.486  1.659 1.000 47281.19     1.576
tr[31]     0.189 0.961 -1.356  1.722 1.000 46246.08     1.542
tr[32]     0.136 0.964 -1.415  1.654 1.000 45769.45     1.526
tr[33]    -0.301 0.968 -1.839  1.268 1.000 39478.04     1.316
tr[34]    -0.191 0.960 -1.712  1.353 1.000 45120.94     1.504
tr[35]     0.181 0.962 -1.377  1.720 1.000 45917.51     1.531
tr[36]    -0.567 1.015 -2.172  1.069 1.000 28475.05     0.949
tr[37]     0.184 0.966 -1.350  1.738 1.000 44643.40     1.488
tr[38]     0.054 0.965 -1.499  1.597 1.000 53012.01     1.767
tr[39]     0.215 0.970 -1.338  1.753 1.000 40262.42     1.342
tr[40]     0.179 0.990 -1.407  1.756 1.000 43746.85     1.458
tr[41]     0.087 0.968 -1.459  1.621 1.000 46916.17     1.564
tr[42]     0.031 0.954 -1.501  1.555 1.000 47445.69     1.582
tr[43]    -0.248 0.999 -1.839  1.362 1.000 42743.88     1.425
tr[44]    -0.420 1.011 -2.006  1.215 1.000 31337.07     1.045
tr[45]    -0.351 0.986 -1.907  1.238 1.001 34472.33     1.149
tr[46]    -0.116 0.976 -1.677  1.445 1.000 49256.92     1.642
tr[47]    -0.085 0.980 -1.637  1.493 1.000 52118.78     1.737
tr[48]    -0.287 0.990 -1.860  1.309 1.000 39738.23     1.325
tr[49]     0.231 0.973 -1.338  1.773 1.000 44568.68     1.486
tr[50]    -0.036 0.959 -1.572  1.499 1.000 48351.54     1.612
tr[51]     0.090 0.973 -1.464  1.633 1.000 48436.66     1.615
tr[52]    -0.142 0.963 -1.694  1.389 1.000 48217.08     1.607
tr[53]     0.144 0.971 -1.415  1.685 1.000 46834.09     1.561
tr[54]    -0.021 0.949 -1.535  1.506 1.000 48422.88     1.614
tr[55]     0.072 0.962 -1.479  1.596 1.000 48044.54     1.601
tr[56]     0.006 0.961 -1.535  1.538 1.000 47690.76     1.590
tr[57]    -0.358 0.983 -1.921  1.227 1.000 37157.56     1.239
tr[58]     0.019 0.962 -1.509  1.547 1.000 47430.78     1.581
tr[59]     0.079 0.951 -1.450  1.600 1.000 50152.36     1.672
tr[60]     0.162 0.993 -1.433  1.738 1.000 48307.29     1.610
tr[61]     0.056 0.962 -1.481  1.588 1.000 50804.29     1.693
tr[62]     0.142 0.981 -1.420  1.719 1.000 47357.19     1.579
tr[63]     0.075 0.953 -1.439  1.600 1.000 48700.60     1.623
tr[64]     0.136 0.967 -1.425  1.672 1.000 46639.88     1.555
tr[65]     0.019 0.952 -1.512  1.532 1.000 50136.69     1.671
tr[66]    -0.341 1.010 -1.943  1.276 1.000 35008.25     1.167
tr[67]     0.249 0.974 -1.336  1.785 1.000 41440.38     1.381
tr[68]    -0.026 0.962 -1.572  1.507 1.000 52657.93     1.755
tr[69]    -0.127 0.964 -1.659  1.414 1.000 47087.38     1.570
tr[70]     0.144 0.971 -1.418  1.692 1.000 46781.38     1.559
tr[71]     0.201 0.975 -1.365  1.747 1.000 44388.99     1.480
tr[72]     0.132 0.981 -1.438  1.692 1.000 48899.68     1.630
tr[73]    -0.003 0.983 -1.589  1.564 1.000 47954.31     1.598
tr[74]     0.098 0.982 -1.477  1.650 1.001 46871.82     1.562
tr[75]     0.113 0.971 -1.443  1.653 1.000 45869.03     1.529
tr[76]     0.132 0.969 -1.428  1.679 1.000 46463.22     1.549
tr[77]     0.168 0.973 -1.396  1.721 1.000 47557.10     1.585
tr[78]     0.038 0.975 -1.514  1.594 1.000 47859.37     1.595
tr[79]     0.044 0.961 -1.498  1.583 1.000 51057.65     1.702
tr[80]    -0.317 0.977 -1.864  1.260 1.000 38735.89     1.291
tr[81]    -0.261 0.976 -1.802  1.323 1.000 41274.81     1.376
tr[82]    -0.155 0.969 -1.686  1.408 1.000 48018.36     1.601
tr[83]    -0.261 0.963 -1.796  1.278 1.001 42142.59     1.405
tr[84]    -0.363 0.979 -1.931  1.218 1.000 36270.64     1.209
tr[85]    -0.321 0.972 -1.859  1.248 1.000 35860.48     1.195
tr[86]    -0.340 0.994 -1.923  1.254 1.000 40979.13     1.366
tr[87]    -0.295 0.985 -1.870  1.279 1.000 38923.74     1.297
tr[88]     0.062 0.973 -1.486  1.613 1.000 47678.36     1.589
tr[89]     0.035 0.985 -1.552  1.597 1.000 45467.11     1.516
tr[90]    -0.104 0.960 -1.645  1.439 1.000 43458.80     1.449
tr[91]    -0.063 0.978 -1.618  1.519 1.000 47259.67     1.575
tr[92]    -0.252 0.985 -1.816  1.340 1.000 43638.97     1.455
tr[93]    -0.219 0.978 -1.775  1.367 1.000 42384.78     1.413
tr[94]    -0.231 0.980 -1.780  1.345 1.000 42414.52     1.414
tr[95]    -0.476 1.005 -2.065  1.148 1.000 29797.18     0.993
tr[96]    -0.351 0.985 -1.910  1.232 1.000 35588.13     1.186
tr[97]    -0.173 0.968 -1.713  1.389 1.000 45510.08     1.517
tr[98]    -0.235 0.987 -1.798  1.347 1.000 42134.64     1.404
tr[99]    -0.342 0.998 -1.929  1.259 1.000 35665.95     1.189
tr[100]    0.178 0.973 -1.395  1.725 1.001 48212.94     1.607
tr[101]    0.018 0.964 -1.524  1.558 1.000 49429.16     1.648
tr[102]    0.509 1.001 -1.110  2.097 1.000 28957.19     0.965
tr[103]   -0.162 0.963 -1.694  1.384 1.000 45866.41     1.529
tr[104]    0.209 0.966 -1.348  1.742 1.000 43283.91     1.443
tr[105]    0.376 0.982 -1.217  1.929 1.001 33933.46     1.131
tr[106]   -0.208 0.972 -1.743  1.352 1.000 41254.07     1.375
tr[107]    0.021 0.956 -1.507  1.550 1.000 49929.80     1.664
tr[108]   -0.006 0.959 -1.534  1.527 1.000 48511.46     1.617
tr[109]    0.331 0.979 -1.242  1.879 1.000 38005.68     1.267
tr[110]    0.089 0.978 -1.471  1.649 1.000 46078.35     1.536
tr[111]   -0.111 0.990 -1.696  1.462 1.000 46552.95     1.552
tr[112]   -0.083 0.950 -1.594  1.434 1.000 47814.63     1.594
tr[113]    0.123 0.953 -1.389  1.647 1.000 47008.60     1.567
tr[114]   -0.290 0.970 -1.832  1.270 1.000 37499.34     1.250
tr[115]    0.030 0.978 -1.546  1.585 1.000 49513.67     1.650
tr[116]    0.081 0.955 -1.457  1.604 1.000 48767.28     1.626
tr[117]    0.279 0.966 -1.272  1.811 1.000 40786.83     1.360
tr[118]    0.283 0.971 -1.276  1.814 1.000 39548.44     1.318
tr[119]    0.150 0.969 -1.390  1.693 1.000 44205.56     1.474
tr[120]    0.541 1.001 -1.103  2.104 1.000 26338.31     0.878
tr[121]    0.153 0.982 -1.407  1.706 1.000 47623.70     1.587
tr[122]    0.201 0.985 -1.391  1.787 1.000 45515.52     1.517
tr[123]    0.189 0.993 -1.402  1.765 1.000 43852.06     1.462
tr[124]    0.322 0.985 -1.276  1.879 1.000 36710.70     1.224
tr[125]    0.367 1.006 -1.245  1.965 1.000 36168.77     1.206
tr[126]    0.283 0.977 -1.289  1.830 1.000 38189.18     1.273
tr[127]    0.268 0.984 -1.321  1.820 1.000 40428.49     1.348
 [ reached 'max' / getOption("max.print") -- omitted 3 rows ]
