==== model: The Locationless ====

$likelihood
Dv ~ dlnorm(mu, sigma[Mg])

$main_model
mu <- loga[Mg] + gamma * (Mo - 1) + yr[Yr] + tr[Tr] * sigma_tr

$gamma_def
gamma <- s_conv + gap_shift * (Mg - 1)

$prior_loga
loga[Mg] ~ dnorm(5, 2)

$prior_s
s_conv ~ dnorm(0, 1)

$prior_gs
gap_shift ~ dnorm(0, 1)

$prior_yr
yr[Yr] ~ dnorm(0, 1)

$prior_tr
tr[Tr] ~ dnorm(0, 1)

$pr_sigma
sigma[Mg] ~ dexp(2)

$pr_sigma_tr
sigma_tr ~ dexp(2)



==== precis: fit_sim ====

            mean    sd   5.5%  94.5%  rhat  ess_bulk ess_ratio
loga[1]    5.242 0.540  4.381  6.114 1.001  3844.185     0.256
loga[2]    4.781 0.547  3.911  5.659 1.001  3935.911     0.262
s_conv     0.298 0.083  0.167  0.430 1.001 16051.810     1.070
gap_shift  0.463 0.165  0.202  0.727 1.000 15518.238     1.035
yr[1]      0.068 0.539 -0.799  0.934 1.001  3901.413     0.260
yr[2]      0.273 0.542 -0.602  1.134 1.001  3871.419     0.258
yr[3]     -0.346 0.541 -1.215  0.526 1.001  3885.343     0.259
tr[1]      1.570 0.784  0.293  2.772 1.000  9322.240     0.621
tr[2]      0.763 0.747 -0.436  1.937 1.001 16793.397     1.120
tr[3]     -1.340 0.779 -2.556 -0.070 1.000 11960.182     0.797
tr[4]     -0.822 0.898 -2.237  0.631 1.000 17950.579     1.197
tr[5]      0.457 0.870 -0.924  1.845 1.000 18878.658     1.259
tr[6]      0.221 0.876 -1.179  1.618 1.000 23712.382     1.581
tr[7]     -0.375 0.864 -1.750  1.027 1.000 19827.619     1.322
tr[8]      0.142 0.736 -1.035  1.309 1.001 21002.945     1.400
tr[9]     -0.072 0.873 -1.470  1.314 1.000 21259.694     1.417
tr[10]    -0.262 0.875 -1.678  1.147 1.000 20593.006     1.373
tr[11]    -0.386 0.871 -1.758  1.010 1.000 19519.608     1.301
tr[12]    -0.530 0.738 -1.695  0.655 1.001 19722.819     1.315
tr[13]    -0.321 0.737 -1.493  0.844 1.000 19459.581     1.297
tr[14]    -0.279 0.884 -1.678  1.140 1.000 20905.061     1.394
tr[15]     0.416 0.872 -0.985  1.807 1.000 21010.525     1.401
tr[16]    -0.481 0.749 -1.659  0.712 1.000 18662.352     1.244
tr[17]     0.805 0.885 -0.618  2.219 1.000 15310.919     1.021
tr[18]    -0.237 0.872 -1.611  1.157 1.001 21229.060     1.415
tr[19]    -0.273 0.863 -1.645  1.110 1.000 19530.519     1.302
tr[20]     0.707 0.744 -0.483  1.886 1.000 18237.425     1.216
tr[21]    -0.324 0.851 -1.691  1.048 1.000 19261.676     1.284
tr[22]    -0.638 0.746 -1.814  0.544 1.000 18743.931     1.250
tr[23]    -0.860 0.882 -2.245  0.555 1.000 15318.775     1.021
tr[24]    -0.603 0.750 -1.786  0.605 1.000 19945.991     1.330
tr[25]     0.569 0.737 -0.609  1.729 1.000 17113.026     1.141
tr[26]    -0.327 0.742 -1.499  0.864 1.000 19863.635     1.324
tr[27]    -0.716 0.747 -1.907  0.471 1.000 19324.906     1.288
tr[28]    -0.463 0.734 -1.628  0.718 1.000 20437.046     1.362
tr[29]     0.387 0.864 -0.988  1.760 1.001 19018.202     1.268
tr[30]     0.295 0.740 -0.866  1.467 1.000 19771.503     1.318
tr[31]    -0.370 0.746 -1.545  0.819 1.001 17957.642     1.197
tr[32]     0.703 0.744 -0.492  1.884 1.000 19176.471     1.278
tr[33]    -0.081 0.879 -1.485  1.314 1.000 20446.622     1.363
tr[34]    -0.307 0.870 -1.698  1.080 1.001 20829.496     1.389
tr[35]     1.270 0.776  0.002  2.476 1.000 13327.434     0.888
tr[36]    -0.453 0.742 -1.621  0.744 1.001 19879.585     1.325
tr[37]     0.472 0.878 -0.921  1.859 1.000 18904.629     1.260
tr[38]     0.780 0.872 -0.640  2.177 1.000 17320.949     1.155
tr[39]    -0.869 0.879 -2.251  0.558 1.001 15117.006     1.008
tr[40]    -0.892 0.750 -2.053  0.323 1.000 17965.708     1.198
tr[41]    -1.299 0.764 -2.480 -0.068 1.000 13037.425     0.869
tr[42]     0.631 0.759 -0.608  1.813 1.000 19577.662     1.305
tr[43]    -0.251 0.863 -1.630  1.129 1.000 19753.476     1.317
tr[44]     0.147 0.873 -1.243  1.547 1.001 20816.239     1.388
tr[45]     0.349 0.733 -0.814  1.520 1.000 20663.528     1.378
tr[46]     0.200 0.737 -0.986  1.367 1.001 17746.677     1.183
tr[47]     0.679 0.747 -0.525  1.862 1.001 17777.004     1.185
tr[48]     0.871 0.754 -0.349  2.063 1.000 16383.635     1.092
tr[49]     0.292 0.738 -0.891  1.462 1.001 20196.449     1.346
tr[50]    -0.101 0.728 -1.259  1.061 1.000 19755.231     1.317
tr[51]    -0.431 0.726 -1.586  0.732 1.000 17319.332     1.155
tr[52]     0.052 0.731 -1.125  1.213 1.000 20842.635     1.390
tr[53]     0.562 0.861 -0.827  1.937 1.000 19165.027     1.278
tr[54]    -0.269 0.873 -1.665  1.140 1.001 20931.365     1.395
tr[55]    -0.531 0.872 -1.916  0.868 1.000 18519.176     1.235
tr[56]    -0.921 0.870 -2.289  0.491 1.000 15230.418     1.015
tr[57]     0.121 0.741 -1.051  1.284 1.000 20281.477     1.352
tr[58]    -0.968 0.744 -2.129  0.253 1.001 15374.997     1.025
tr[59]    -0.246 0.744 -1.427  0.941 1.001 19571.242     1.305
tr[60]     1.222 0.905 -0.240  2.656 1.000 12054.558     0.804
tr[61]     0.406 0.883 -1.014  1.811 1.000 22223.131     1.482
tr[62]    -0.399 0.878 -1.790  1.026 1.000 20558.935     1.371
tr[63]     0.337 0.738 -0.848  1.509 1.001 23031.953     1.535
tr[64]     0.639 0.871 -0.768  2.002 1.000 18942.177     1.263
tr[65]     0.018 0.869 -1.378  1.400 1.000 21461.793     1.431
tr[66]     0.020 0.733 -1.149  1.177 1.000 22034.146     1.469
tr[67]    -0.085 0.726 -1.256  1.073 1.000 21288.640     1.419
tr[68]    -0.113 0.735 -1.290  1.070 1.000 20658.654     1.377
tr[69]     0.105 0.867 -1.286  1.468 1.001 20072.376     1.338
tr[70]     0.687 0.885 -0.744  2.075 1.000 17443.998     1.163
tr[71]    -0.428 0.741 -1.603  0.753 1.001 19633.145     1.309
tr[72]     0.269 0.755 -0.928  1.454 1.000 22319.711     1.488
tr[73]    -0.152 0.743 -1.330  1.046 1.001 19973.092     1.332
tr[74]     1.210 0.766 -0.042  2.404 1.000 12927.883     0.862
tr[75]    -1.003 0.753 -2.173  0.222 1.000 17171.622     1.145
tr[76]    -0.005 0.741 -1.184  1.184 1.000 19989.426     1.333
tr[77]    -0.361 0.741 -1.536  0.829 1.001 20364.207     1.358
tr[78]     0.388 0.874 -1.003  1.780 1.000 21577.443     1.438
tr[79]    -0.473 0.726 -1.621  0.678 1.000 19925.571     1.328
tr[80]     0.256 0.870 -1.133  1.637 1.001 19410.085     1.294
tr[81]     0.310 0.744 -0.884  1.488 1.001 19317.332     1.288
tr[82]     0.705 0.747 -0.499  1.891 1.001 17767.946     1.185
tr[83]     0.030 0.731 -1.127  1.195 1.000 21749.925     1.450
tr[84]    -0.768 0.735 -1.920  0.414 1.000 16762.853     1.118
tr[85]     0.645 0.867 -0.756  2.007 1.000 16329.791     1.089
tr[86]    -0.401 0.868 -1.781  0.986 1.000 19362.105     1.291
tr[87]     0.383 0.873 -1.014  1.768 1.000 21500.348     1.433
tr[88]    -0.946 0.894 -2.361  0.482 1.000 16411.987     1.094
tr[89]     0.186 0.861 -1.190  1.529 1.001 19904.959     1.327
tr[90]    -0.485 0.744 -1.652  0.697 1.000 19174.736     1.278
tr[91]    -0.159 0.748 -1.332  1.042 1.000 18892.348     1.259
tr[92]    -0.034 0.744 -1.206  1.152 1.001 19826.711     1.322
tr[93]     0.894 0.740 -0.301  2.051 1.001 15344.444     1.023
tr[94]    -0.529 0.862 -1.905  0.855 1.001 17612.214     1.174
tr[95]     0.743 0.873 -0.682  2.121 1.000 16876.629     1.125
tr[96]     1.312 0.767  0.064  2.508 1.000 13074.538     0.872
tr[97]    -0.882 0.879 -2.284  0.519 1.000 15583.741     1.039
tr[98]    -0.297 0.868 -1.666  1.096 1.000 20215.777     1.348
tr[99]    -0.103 0.861 -1.492  1.287 1.000 22328.938     1.489
tr[100]   -0.250 0.745 -1.432  0.942 1.000 21455.995     1.430
tr[101]   -0.237 0.759 -1.449  0.962 1.001 22875.104     1.525
tr[102]    0.831 0.747 -0.367  2.007 1.000 15234.814     1.016
tr[103]   -0.536 0.884 -1.922  0.891 1.000 18176.686     1.212
tr[104]    0.644 0.872 -0.763  2.035 1.001 19256.505     1.284
tr[105]   -0.108 0.880 -1.504  1.293 1.000 22532.204     1.502
tr[106]    0.446 0.864 -0.921  1.806 1.001 19347.133     1.290
tr[107]    0.140 0.871 -1.257  1.545 1.001 19673.425     1.312
tr[108]   -0.186 0.870 -1.567  1.201 1.000 20474.091     1.365
tr[109]   -0.479 0.865 -1.857  0.907 1.001 19949.679     1.330
tr[110]   -0.592 0.743 -1.763  0.591 1.001 19058.282     1.271
tr[111]   -0.550 0.741 -1.711  0.627 1.000 19648.747     1.310
tr[112]    0.165 0.731 -0.997  1.320 1.000 19831.613     1.322
tr[113]    1.117 0.747 -0.093  2.296 1.001 15430.340     1.029
tr[114]   -0.007 0.866 -1.385  1.373 1.001 20498.460     1.367
tr[115]   -0.062 0.862 -1.444  1.326 1.001 21679.668     1.445
tr[116]    0.019 0.868 -1.377  1.402 1.000 20680.995     1.379
tr[117]    0.581 0.859 -0.797  1.940 1.000 18585.286     1.239
tr[118]   -0.520 0.749 -1.701  0.682 1.001 19617.905     1.308
tr[119]   -0.260 0.884 -1.674  1.161 1.000 21666.176     1.444
tr[120]    0.588 0.872 -0.826  1.972 1.000 17734.675     1.182
sigma[1]   0.465 0.043  0.402  0.539 1.001  4046.873     0.270
sigma[2]   0.777 0.063  0.681  0.882 1.000  6240.986     0.416
sigma_tr   0.315 0.072  0.198  0.421 1.001  2365.322     0.158


==== parameter recovery ====
   param  true post_median  lo89  hi89 covered
1  loga1 5.193       5.238 4.381 6.114    TRUE
2  loga2 4.787       4.776 3.911 5.659    TRUE
3 sigma1 0.472       0.462 0.402 0.539    TRUE
4 sigma2 0.703       0.774 0.681 0.882    TRUE
covered: 4 / 4 


==== posterior contrast ====
Median May gap (Organic - Conventional) -- mean: -80.331  median: -67.513  89% PI: [ -176.481 , -24.538 ]  89% HPDI: [ -143.878 , -13.524 ]
Median July gap (Organic - Conventional) -- mean: 2.063  median: 0.52  89% PI: [ -63.9 , 70.517 ]  89% HPDI: [ -64.09 , 70.279 ]
Seasonal change in median gap (July - May) -- mean: 82.394  median: 65.865  89% PI: [ 12.702 , 202.804 ]  89% HPDI: [ 0.288 , 167.145 ]
