Iteration	Mean	Median	PI
1 	 -86.0947 	 -85.99005 	 -104.3912 -68.35578 
2 	 -87.03081 	 -86.93319 	 -105.6297 -69.05037 
3 	 -98.65696 	 -98.27388 	 -121.0762 -77.2038 
4 	 -97.09762 	 -96.77756 	 -117.8458 -77.43017 
5 	 -76.7943 	 -76.53207 	 -96.88916 -57.0531 
6 	 -57.48692 	 -57.27029 	 -74.20342 -41.71361 
7 	 -97.36292 	 -96.93653 	 -120.8768 -75.27346 
8 	 -86.74098 	 -86.63041 	 -107.1578 -67.10324 
9 	 -87.3724 	 -87.1533 	 -107.7603 -67.6583 
10 	 -81.57562 	 -81.30009 	 -102.0413 -61.8118 
