Iteration	Mean	Median	PI
1 	 -43.60619 	 -44.02393 	 -60.849 -24.43756 
2 	 -64.93299 	 -64.62234 	 -83.14204 -47.3705 
3 	 -63.41152 	 -63.4744 	 -82.57903 -43.7163 
4 	 -39.44222 	 -39.66361 	 -56.50925 -21.85234 
5 	 -53.49191 	 -54.15853 	 -71.27387 -35.08982 
6 	 -69.91524 	 -70.20569 	 -88.98398 -51.13712 
7 	 -61.86651 	 -61.68188 	 -79.25582 -44.08581 
8 	 -48.52527 	 -48.87681 	 -65.81701 -29.90131 
9 	 -69.53837 	 -69.68675 	 -88.06779 -51.22418 
10 	 -80.07988 	 -80.09206 	 -99.77565 -60.00009 
