==== model: The Floor Raiser ====

$likelihood
Dv ~ dlnorm(mu, sigma[cell])

$main_model
mu <- loga[Mg] + gamma * (Mo - 1) + b[Lo] * sigma_loc + yr[Yr] + 
    tr[Tr] * sigma_tr

$gamma_def
gamma <- s_conv + gap_shift * (Mg - 1)

$prior_loga
loga[Mg] ~ dnorm(2, 2)

$prior_b
b[Lo] ~ dnorm(0, 1)

$prior_s
s_conv ~ dnorm(0, 1)

$prior_gs
gap_shift ~ dnorm(0, 1)

$prior_yr
yr[Yr] ~ dnorm(0, 1)

$prior_tr
tr[Tr] ~ dnorm(0, 1)

$pr_sigma
sigma[cell] ~ dexp(3)

$pr_sigma_loc
sigma_loc ~ dexp(2)

$pr_sigma_tr
sigma_tr ~ dexp(2)



==== precis: fit_MDLS2_shifted ====

            mean    sd   5.5%  94.5%  rhat   ess_bulk
loga[1]    2.623 0.586  1.684  3.553 1.000  18532.906
loga[2]    1.983 0.598  1.031  2.932 1.000  18944.455
b[1]       0.072 0.547 -0.799  0.944 1.000  31980.255
b[2]       0.314 0.524 -0.522  1.157 1.000  29357.390
b[3]       0.930 0.618 -0.026  1.943 1.000  28520.451
b[4]      -1.249 0.702 -2.419 -0.183 1.000  32501.583
s_conv    -1.804 0.112 -1.982 -1.623 1.000  64348.964
gap_shift  2.095 0.187  1.796  2.390 1.000  68183.220
yr[1]     -0.030 0.542 -0.896  0.835 1.000  19387.007
yr[2]      0.091 0.539 -0.765  0.951 1.000  19275.894
yr[3]      0.118 0.540 -0.743  0.976 1.000  19207.405
tr[1]      0.196 0.974 -1.354  1.746 1.000  65969.054
tr[2]      0.121 0.972 -1.433  1.668 1.000  92766.689
tr[3]      0.177 0.971 -1.380  1.720 1.000  67486.403
tr[4]      0.106 0.969 -1.445  1.657 1.000  95954.247
tr[5]     -0.055 0.969 -1.598  1.493 1.000  91046.001
tr[6]     -0.047 0.974 -1.607  1.513 1.000  92267.229
tr[7]      0.237 0.980 -1.335  1.804 1.000  61136.067
tr[8]      0.242 0.977 -1.324  1.794 1.000  69342.606
tr[9]      0.134 0.966 -1.412  1.677 1.000  89663.545
tr[10]     0.034 0.981 -1.537  1.602 1.000  91016.734
tr[11]     0.097 0.968 -1.448  1.643 1.000 101933.689
tr[12]     0.093 0.972 -1.453  1.634 1.000  93921.850
tr[13]     0.219 0.977 -1.346  1.772 1.000  57623.179
tr[14]     0.208 0.986 -1.370  1.773 1.000  58551.437
tr[15]     0.223 0.984 -1.358  1.787 1.000  58569.188
tr[16]    -0.033 0.974 -1.592  1.533 1.000  98940.209
tr[17]    -0.416 1.002 -2.007  1.190 1.000  32792.188
tr[18]    -0.182 0.980 -1.750  1.391 1.000  77375.132
tr[19]     0.370 0.915 -1.162  1.748 1.000  18653.941
tr[20]     0.211 0.897 -1.266  1.594 1.000  37158.845
tr[21]     0.327 0.903 -1.168  1.701 1.000  29627.888
tr[22]    -0.820 1.052 -2.393  0.928 1.001   5942.978
tr[23]    -0.194 0.883 -1.559  1.261 1.000  55178.277
tr[24]     0.319 0.896 -1.173  1.690 1.000  28979.253
tr[25]    -0.491 0.933 -1.888  1.077 1.000  16914.354
tr[26]    -0.706 0.987 -2.161  0.968 1.001   9184.120
tr[27]    -0.399 0.917 -1.784  1.142 1.000  24115.107
tr[28]     0.195 0.995 -1.400  1.775 1.000  74431.996
tr[29]     0.019 0.967 -1.533  1.558 1.000 100982.631
tr[30]     0.111 0.986 -1.468  1.685 1.000  78306.714
tr[31]     0.331 0.998 -1.278  1.925 1.000  35241.965
tr[32]     0.349 0.995 -1.251  1.935 1.000  36037.939
tr[33]    -0.073 0.975 -1.629  1.495 1.000  96462.257
tr[34]     0.156 0.974 -1.411  1.710 1.000  71573.838
tr[35]     0.166 0.969 -1.387  1.711 1.000  80490.340
tr[36]    -0.188 0.975 -1.733  1.372 1.000  76529.957
tr[37]     0.020 0.874 -1.382  1.429 1.000  95360.716
tr[38]    -0.267 0.900 -1.638  1.231 1.000  29940.919
tr[39]     0.273 0.887 -1.200  1.632 1.001  40829.489
tr[40]     0.257 0.889 -1.214  1.637 1.000  58642.694
tr[41]     0.333 0.905 -1.175  1.712 1.000  41948.625
tr[42]     0.285 0.899 -1.208  1.666 1.000  41767.846
tr[43]    -0.342 0.901 -1.720  1.159 1.000  36951.548
tr[44]    -0.197 0.885 -1.586  1.248 1.000  84714.370
tr[45]    -0.466 0.924 -1.846  1.080 1.000  19205.163
tr[46]    -0.250 0.904 -1.611  1.250 1.000  21657.444
tr[47]    -0.120 0.892 -1.517  1.342 1.000  83244.432
tr[48]    -1.042 1.156 -2.827  0.844 1.001   4049.904
tr[49]     0.297 0.989 -1.293  1.871 1.000  49068.728
tr[50]     0.109 0.969 -1.431  1.657 1.000  92432.097
tr[51]     0.148 0.970 -1.410  1.693 1.000  65343.525
tr[52]     0.224 0.980 -1.346  1.798 1.000  63058.420
tr[53]     0.208 0.989 -1.380  1.785 1.000  59728.531
tr[54]     0.198 0.977 -1.378  1.754 1.000  72442.868
tr[55]    -0.012 0.975 -1.565  1.548 1.000  93357.621
tr[56]     0.022 0.965 -1.527  1.561 1.000 103240.243
tr[57]    -0.282 0.982 -1.845  1.296 1.000  54774.072
tr[58]    -0.200 0.975 -1.746  1.366 1.000  79480.861
tr[59]    -0.190 0.981 -1.758  1.378 1.000  73387.803
tr[60]     0.061 0.984 -1.504  1.633 1.000  90976.320
tr[61]     0.098 0.970 -1.449  1.645 1.000  95064.087
tr[62]     0.114 0.984 -1.455  1.694 1.000  82635.077
tr[63]     0.015 0.966 -1.526  1.555 1.000  84768.879
tr[64]    -0.008 0.963 -1.537  1.531 1.000  99177.681
tr[65]    -0.182 0.975 -1.736  1.381 1.000  86836.630
tr[66]    -0.338 1.008 -1.941  1.279 1.000  34856.762
tr[67]     0.252 0.983 -1.331  1.815 1.000  64478.906
tr[68]     0.008 0.970 -1.549  1.550 1.000 104622.041
tr[69]    -0.070 0.975 -1.626  1.493 1.000  95858.676
tr[70]     0.046 0.875 -1.371  1.434 1.001 101692.119
tr[71]     0.240 0.895 -1.252  1.599 1.000  42732.197
tr[72]     0.331 0.912 -1.197  1.707 1.000  23981.361
tr[73]    -0.150 0.879 -1.524  1.291 1.000  78323.289
tr[74]    -0.346 0.909 -1.725  1.176 1.000  25917.509
tr[75]    -0.043 0.873 -1.434  1.362 1.000  94119.951
tr[76]     0.042 0.876 -1.384  1.430 1.000  91208.088
tr[77]     0.119 0.881 -1.324  1.489 1.000  65849.755
tr[78]    -0.212 0.885 -1.594  1.247 1.001  70063.189
tr[79]     0.021 0.965 -1.519  1.560 1.000  94269.813
tr[80]    -0.278 0.979 -1.832  1.316 1.000  49736.230
tr[81]    -0.249 0.982 -1.797  1.333 1.000  54650.902
tr[82]    -0.068 0.973 -1.623  1.489 1.000  97282.334
tr[83]    -0.175 0.981 -1.741  1.394 1.000  78628.039
tr[84]    -0.219 0.978 -1.774  1.362 1.000  63654.992
tr[85]    -0.365 1.005 -1.958  1.255 1.000  38172.751
tr[86]    -0.476 1.009 -2.070  1.158 1.000  24227.006
tr[87]    -0.362 1.001 -1.944  1.249 1.000  35566.991
tr[88]    -0.011 0.880 -1.414  1.409 1.000  94246.519
tr[89]     0.097 0.882 -1.331  1.493 1.000  95012.937
tr[90]     0.361 0.915 -1.164  1.742 1.000  21881.159
tr[91]     0.096 0.886 -1.344  1.500 1.000  91403.564
tr[92]     0.385 0.922 -1.151  1.760 1.000  17764.871
tr[93]    -0.114 0.881 -1.493  1.319 1.000  78131.981
tr[94]    -0.511 0.944 -1.926  1.077 1.000  15266.050
tr[95]    -0.687 0.984 -2.148  0.969 1.001   9887.727
tr[96]    -0.331 0.899 -1.702  1.161 1.000  40253.500
tr[97]     0.896 1.086 -0.918  2.533 1.001   5690.541
tr[98]     0.875 1.075 -0.915  2.501 1.001   5682.296
tr[99]     0.194 0.895 -1.291  1.578 1.000  54603.444
tr[100]   -0.012 0.974 -1.578  1.545 1.000 102536.727
tr[101]   -0.139 0.972 -1.689  1.421 1.000  93838.730
tr[102]    0.194 0.974 -1.373  1.735 1.000  78587.064
tr[103]   -0.124 0.970 -1.674  1.432 1.000  90245.287
tr[104]    0.225 0.974 -1.339  1.781 1.000  70660.067
tr[105]    0.300 0.984 -1.281  1.853 1.000  48333.431
tr[106]   -0.203 0.971 -1.742  1.350 1.000  66400.859
tr[107]    0.010 0.963 -1.528  1.539 1.000 105184.106
tr[108]    0.023 0.976 -1.534  1.588 1.000  95415.347
tr[109]   -0.059 0.968 -1.598  1.491 1.000 104700.028
tr[110]   -0.131 0.986 -1.699  1.451 1.000  80468.730
tr[111]   -0.336 1.006 -1.934  1.278 1.000  40208.404
tr[112]   -0.085 0.964 -1.629  1.456 1.000  86529.034
tr[113]   -0.075 0.969 -1.622  1.472 1.000  87120.593
tr[114]   -0.268 0.988 -1.835  1.321 1.000  44590.475
tr[115]   -0.188 0.993 -1.766  1.401 1.000  73582.409
tr[116]   -0.081 0.966 -1.618  1.465 1.000 100384.713
tr[117]    0.109 0.970 -1.444  1.656 1.000 101071.879
tr[118]    0.105 0.974 -1.456  1.651 1.000  92931.836
tr[119]   -0.196 0.978 -1.748  1.368 1.000  62126.961
tr[120]    0.246 0.983 -1.336  1.813 1.000  62286.346
tr[121]    0.203 0.881 -1.254  1.567 1.000  55471.551
tr[122]   -0.023 0.884 -1.429  1.408 1.000  95030.689
tr[123]    0.031 0.870 -1.355  1.434 1.000  98007.482
tr[124]    0.443 0.914 -1.101  1.818 1.000  23006.803
tr[125]    0.639 0.958 -0.982  2.055 1.001  12002.320
tr[126]    0.192 0.887 -1.266  1.574 1.000  77578.039
tr[127]    0.067 0.873 -1.341  1.457 1.000  97476.096
tr[128]    0.140 0.872 -1.289  1.524 1.000  84585.298
tr[129]   -0.084 0.878 -1.475  1.343 1.001  92206.499
sigma[1]   0.701 0.062  0.608  0.806 1.000  52451.663
sigma[2]   0.665 0.064  0.569  0.772 1.000  43923.399
sigma[3]   1.051 0.108  0.891  1.234 1.000  51939.596
sigma[4]   0.225 0.064  0.097  0.311 1.003   2099.986
sigma_loc  0.488 0.229  0.241  0.900 1.000  32431.560
sigma_tr   0.108 0.072  0.010  0.233 1.003   2399.186


==== posterior contrast ====
May mean -- mean: -6.88  median: -5.243  89% PI: [ -18.96 , 0.863 ]  89% HPDI: [ -16.41 , 2.349 ]
July mean -- mean: 10.292  median: 8.2  89% PI: [ 3.214 , 22.072 ]  89% HPDI: [ 1.961 , 17.824 ]
Seasonal change in mean diversity difference between management, from May to July -- mean: 17.172  median: 13.485  89% PI: [ 4.36 , 39.038 ]  89% HPDI: [ 2.243 , 31.436 ]
