==== model: model ====

$likelihood
Dv ~ dlnorm(mu, sigma[cell])

$main_model
mu <- loga[Mg] + gamma * (Mo - 1) + b[Lo] * sigma_loc + c[Yr] + 
    tr[Tr] * sigma_tr

$gamma_def
gamma <- s + gap_shift * (Mg - 1)

$prior_loga
loga[Mg] ~ dnorm(2, 2)

$prior_b
b[Lo] ~ dnorm(0, 1)

$prior_s
s ~ dnorm(0, 1)

$prior_gs
gap_shift ~ dnorm(0, 1)

$prior_c
c[Yr] ~ dnorm(0, 1)

$prior_tr
tr[Tr] ~ dnorm(0, 1)

$pr_sigma
sigma[cell] ~ dexp(3)

$pr_sigma_loc
sigma_loc ~ dexp(2)

$pr_sigma_tr
sigma_tr ~ dexp(2)



==== precis: fit_sim ====

            mean    sd   5.5%  94.5%  rhat  ess_bulk
loga[1]    1.199 0.586  0.266  2.135 1.000  8714.622
loga[2]    1.710 0.587  0.768  2.657 1.000  8844.777
b[1]       0.477 0.558 -0.395  1.379 1.000 14671.641
b[2]      -1.327 0.690 -2.467 -0.276 1.000 16305.745
b[3]       0.783 0.601 -0.150  1.766 1.000 14722.243
b[4]      -0.053 0.518 -0.878  0.778 1.000 15041.343
s          0.351 0.069  0.241  0.460 1.000 38235.098
gap_shift  0.389 0.143  0.160  0.617 1.000 38817.306
c[1]      -0.114 0.542 -0.986  0.749 1.000  9065.740
c[2]       0.169 0.542 -0.701  1.030 1.000  9064.424
c[3]      -0.334 0.542 -1.199  0.524 1.000  8851.188
tr[1]     -0.101 0.882 -1.501  1.299 1.000 54901.477
tr[2]     -0.212 0.880 -1.628  1.193 1.000 49267.362
tr[3]      0.124 0.892 -1.297  1.548 1.000 52198.602
tr[4]     -0.747 0.902 -2.181  0.704 1.000 40504.761
tr[5]      0.935 0.694 -0.191  2.028 1.000 36544.586
tr[6]      0.475 0.898 -0.974  1.907 1.000 41894.929
tr[7]     -0.277 0.892 -1.692  1.158 1.000 46983.610
tr[8]      0.493 0.723 -0.696  1.604 1.000 17811.413
tr[9]     -0.255 0.889 -1.674  1.177 1.000 49689.751
tr[10]     1.241 0.751  0.007  2.388 1.000 13536.156
tr[11]    -0.252 0.742 -1.479  0.889 1.000 13904.205
tr[12]    -0.480 0.893 -1.911  0.942 1.000 48383.148
tr[13]     0.383 0.692 -0.694  1.491 1.001 43425.572
tr[14]     0.262 0.897 -1.185  1.699 1.000 49229.026
tr[15]     0.221 0.694 -0.881  1.321 1.000 46356.719
tr[16]     0.166 0.883 -1.256  1.584 1.000 47273.024
tr[17]     0.606 0.910 -0.867  2.049 1.000 41761.883
tr[18]     0.468 0.898 -0.972  1.895 1.000 45947.622
tr[19]    -0.707 0.909 -2.143  0.753 1.000 38581.657
tr[20]     0.190 0.717 -0.974  1.298 1.000 28837.946
tr[21]    -0.723 0.706 -1.826  0.425 1.000 38379.259
tr[22]     0.673 0.891 -0.767  2.087 1.000 37035.917
tr[23]     0.748 0.699 -0.362  1.855 1.000 38313.398
tr[24]    -0.417 0.897 -1.838  1.034 1.000 47232.088
tr[25]     0.184 0.711 -0.935  1.328 1.000 41718.182
tr[26]     0.527 0.696 -0.590  1.613 1.000 41019.642
tr[27]     0.192 0.886 -1.217  1.603 1.000 52002.624
tr[28]     0.456 0.892 -0.976  1.878 1.000 44311.223
tr[29]    -0.669 0.713 -1.821  0.443 1.000 30795.030
tr[30]     0.226 0.891 -1.204  1.659 1.000 49161.388
tr[31]    -0.058 0.898 -1.481  1.366 1.000 53178.375
tr[32]    -0.118 0.888 -1.531  1.298 1.000 52121.010
tr[33]    -0.044 0.887 -1.456  1.374 1.000 48811.920
tr[34]     0.362 0.697 -0.744  1.489 1.000 43265.547
tr[35]     1.005 0.906 -0.458  2.437 1.001 32124.905
tr[36]    -0.413 0.900 -1.837  1.034 1.000 47378.907
tr[37]     0.006 0.699 -1.121  1.098 1.000 39055.041
tr[38]    -0.132 0.691 -1.247  0.954 1.000 45826.711
tr[39]    -0.046 0.889 -1.464  1.381 1.000 53490.008
tr[40]     0.295 0.901 -1.149  1.731 1.001 49463.933
tr[41]     0.340 0.899 -1.102  1.771 1.001 49152.027
tr[42]    -0.441 0.711 -1.537  0.730 1.000 26059.680
tr[43]     0.209 0.702 -0.935  1.292 1.000 28085.847
tr[44]    -0.890 0.705 -1.994  0.248 1.000 36006.308
tr[45]    -0.764 0.704 -1.862  0.373 1.000 38530.771
tr[46]    -0.889 0.909 -2.331  0.582 1.000 39741.278
tr[47]     0.728 0.907 -0.746  2.170 1.000 41815.531
tr[48]    -0.400 0.884 -1.803  1.036 1.000 47725.235
tr[49]     0.113 0.899 -1.322  1.547 1.000 49690.947
tr[50]    -0.939 0.909 -2.384  0.535 1.000 30461.924
tr[51]    -0.157 0.887 -1.568  1.253 1.000 50095.245
tr[52]     0.192 0.892 -1.242  1.625 1.000 46503.184
tr[53]    -0.168 0.695 -1.265  0.955 1.000 42378.810
tr[54]     0.076 0.896 -1.345  1.507 1.000 47526.566
tr[55]    -0.510 0.703 -1.632  0.609 1.001 36684.241
tr[56]    -0.337 0.695 -1.450  0.759 1.001 45864.310
tr[57]     0.354 0.899 -1.085  1.773 1.000 46943.228
tr[58]    -1.224 0.727 -2.339 -0.040 1.000 23622.086
tr[59]     0.249 0.710 -0.903  1.356 1.000 36637.066
tr[60]    -0.162 0.894 -1.581  1.259 1.000 48713.182
tr[61]    -0.684 0.715 -1.785  0.480 1.000 26862.841
tr[62]     0.137 0.900 -1.305  1.583 1.000 49128.127
tr[63]     1.339 0.761  0.080  2.493 1.000 11806.545
tr[64]    -0.561 0.899 -1.996  0.892 1.000 47361.223
tr[65]    -0.740 0.745 -1.874  0.488 1.001 13398.468
tr[66]    -0.081 0.900 -1.523  1.358 1.000 51645.342
tr[67]     0.093 0.883 -1.320  1.511 1.000 50257.676
tr[68]     0.636 0.902 -0.812  2.076 1.001 42927.555
tr[69]    -0.303 0.700 -1.398  0.824 1.000 39806.476
tr[70]     0.845 0.734 -0.360  1.968 1.000 20052.006
tr[71]    -0.184 0.736 -1.316  1.008 1.000 19548.346
tr[72]    -0.467 0.697 -1.582  0.643 1.000 42692.562
tr[73]     1.059 0.732 -0.143  2.174 1.000 18219.847
tr[74]    -0.275 0.718 -1.392  0.880 1.000 30531.005
tr[75]    -0.533 0.921 -1.994  0.944 1.001 39296.716
tr[76]     0.086 0.888 -1.335  1.506 1.000 54251.862
tr[77]    -1.392 0.721 -2.509 -0.224 1.000 29730.782
tr[78]     0.342 0.890 -1.083  1.757 1.000 46304.860
tr[79]    -0.354 0.900 -1.784  1.091 1.000 46239.990
tr[80]     0.069 0.699 -1.065  1.173 1.000 46326.323
tr[81]    -2.016 0.766 -3.159 -0.736 1.000 13936.447
tr[82]     0.475 0.701 -0.635  1.594 1.000 38261.698
tr[83]     1.090 0.732 -0.119  2.205 1.000 19734.392
tr[84]     0.459 0.698 -0.653  1.561 1.001 43917.469
tr[85]    -0.155 0.897 -1.589  1.289 1.000 50068.773
tr[86]    -0.877 0.697 -1.964  0.237 1.000 36545.007
tr[87]     1.160 0.726 -0.017  2.293 1.001 32951.112
tr[88]     0.226 0.909 -1.210  1.671 1.000 47704.667
tr[89]    -0.673 0.912 -2.117  0.792 1.000 42169.115
tr[90]    -0.062 0.701 -1.160  1.076 1.000 33379.536
tr[91]    -0.205 0.697 -1.304  0.912 1.000 43828.641
tr[92]     0.194 0.905 -1.247  1.635 1.000 46188.817
tr[93]     0.473 0.704 -0.670  1.549 1.001 29420.387
tr[94]    -0.724 0.705 -1.843  0.410 1.000 39254.477
tr[95]     0.381 0.690 -0.718  1.476 1.000 44312.210
tr[96]     0.148 0.695 -0.970  1.225 1.000 42014.304
tr[97]     0.011 0.703 -1.085  1.161 1.000 30975.337
tr[98]    -0.099 0.895 -1.523  1.337 1.000 53127.170
tr[99]     0.586 0.903 -0.864  2.016 1.000 41733.099
tr[100]   -0.342 0.887 -1.754  1.078 1.000 46884.408
tr[101]   -0.153 0.887 -1.565  1.272 1.000 51514.282
tr[102]    0.245 0.898 -1.191  1.687 1.000 50307.607
tr[103]   -0.354 0.892 -1.773  1.080 1.001 50347.028
tr[104]    0.723 0.715 -0.433  1.856 1.001 37599.097
tr[105]    0.343 0.706 -0.775  1.474 1.000 43099.568
tr[106]   -0.587 0.901 -2.019  0.870 1.000 44116.945
tr[107]    0.893 0.702 -0.227  2.008 1.000 39752.545
tr[108]   -1.106 0.723 -2.213  0.072 1.001 22621.043
tr[109]    0.098 0.888 -1.318  1.529 1.000 45676.175
tr[110]   -0.161 0.683 -1.252  0.924 1.000 42974.483
tr[111]    1.040 0.727 -0.156  2.153 1.000 20729.559
tr[112]   -0.660 0.770 -1.847  0.608 1.000 10445.394
tr[113]    0.169 0.705 -0.931  1.306 1.000 40874.041
tr[114]    0.496 0.900 -0.942  1.936 1.000 44647.112
tr[115]   -0.346 0.897 -1.783  1.092 1.000 50251.228
tr[116]   -0.299 0.887 -1.702  1.112 1.000 49844.222
tr[117]   -0.067 0.883 -1.478  1.337 1.000 50403.554
tr[118]    0.633 0.894 -0.813  2.062 1.000 43959.341
tr[119]   -0.495 0.713 -1.616  0.653 1.000 37387.765
tr[120]    0.521 0.886 -0.901  1.939 1.000 43442.046
sigma[1]   0.448 0.052  0.370  0.535 1.000 14933.235
sigma[2]   0.261 0.061  0.161  0.353 1.002  2340.624
sigma[3]   0.626 0.067  0.525  0.740 1.000 19581.430
sigma[4]   0.782 0.078  0.667  0.913 1.000 33614.279
sigma_loc  0.512 0.240  0.256  0.946 1.000 14917.096
sigma_tr   0.254 0.058  0.160  0.339 1.002  2794.820


==== parameter recovery ====
      param  true post_median  lo89  hi89 covered
1     loga1 1.386       1.200 0.266 2.135    TRUE
2     loga2 1.946       1.710 0.768 2.657    TRUE
3         s 0.350       0.352 0.241 0.460    TRUE
4 gap_shift 0.200       0.389 0.160 0.617    TRUE
5    sigma1 0.555       0.445 0.370 0.535   FALSE
6    sigma2 0.246       0.264 0.161 0.353    TRUE
7    sigma3 0.703       0.622 0.525 0.740    TRUE
8    sigma4 0.703       0.778 0.667 0.913    TRUE
covered: 7 / 8 


==== posterior contrast ====
Median May gap (Organic - Conventional) -- mean: 2.637  median: 2.161  89% PI: [ 0.783 , 5.961 ]  89% HPDI: [ 0.444 , 4.776 ]
Median July gap (Organic - Conventional) -- mean: 8.221  median: 6.846  89% PI: [ 2.576 , 18.044 ]  89% HPDI: [ 1.38 , 14.565 ]
Seasonal change in median gap (July - May) -- mean: 5.584  median: 4.58  89% PI: [ 1.59 , 12.61 ]  89% HPDI: [ 0.917 , 10.281 ]
