==== model: Saruman the Fool ====

$likelihood
Dv ~ dlnorm(mu, sigma[Mg])

$main_model
mu <- loga[Mg] + gamma * (Mo - 1) + yr_eff + cv_eff + tr[Tr] * 
    sigma_tr + b_deg * deg_h_z + b_precip * precip_72h_z + b_seq * 
    seq_depth_z

$gamma_def
gamma <- s_conv + gap_shift * (Mg - 1)

$prior_loga
loga[Mg] ~ dnorm(2, 2)

$prior_s
s_conv ~ dnorm(0, 1)

$prior_gs
gap_shift ~ dnorm(0, 1)

$pr_sigma
sigma[Mg] ~ dhalfnorm(0, 1)

$yr_eff_def
yr_eff <- yr1 * (Yr == 1) + yr2 * (Yr == 2) - (yr1 + yr2) * (Yr == 
    3)

$prior_yr1
yr1 ~ dnorm(0, 1)

$prior_yr2
yr2 ~ dnorm(0, 1)

$prior_deg
b_deg ~ dnorm(0, 1)

$prior_precip
b_precip ~ dnorm(0, 1)

$prior_seq
b_seq ~ dnorm(0, 1)

$cv_eff_def
cv_eff <- cv_1 * (Cv == 1) + cv_3 * (Cv == 3) + cv_4 * (Cv == 
    4) + cv_5 * (Cv == 5) - (cv_1 + cv_3 + cv_4 + cv_5) * (Cv == 
    2)

$prior_cv1
cv_1 ~ dnorm(0, 1)

$prior_cv3
cv_3 ~ dnorm(0, 1)

$prior_cv4
cv_4 ~ dnorm(0, 1)

$prior_cv5
cv_5 ~ dnorm(0, 1)

$prior_tr
tr[Tr] ~ dnorm(0, 1)

$pr_sigma_tr
sigma_tr ~ dhalfnorm(0, 1)

attr(,"name")
[1] "Saruman the Fool"


==== precis: fit_sim ====

            mean    sd   5.5%  94.5%  rhat  ess_bulk ess_ratio
loga[1]    2.869 0.090  2.725  3.011 1.000 11179.868     0.745
loga[2]    2.691 0.091  2.545  2.837 1.000 13726.461     0.915
s_conv    -1.285 0.114 -1.468 -1.103 1.000 11963.189     0.798
gap_shift  1.182 0.159  0.927  1.434 1.001 12144.545     0.810
sigma[1]   0.666 0.048  0.594  0.747 1.000  9530.416     0.635
sigma[2]   0.570 0.064  0.474  0.678 1.002  2833.440     0.189
yr1        0.028 0.067 -0.080  0.133 1.000 11095.025     0.740
yr2        0.293 0.078  0.168  0.417 1.000 11483.743     0.766
b_deg      0.233 0.049  0.155  0.312 1.001 20315.150     1.354
b_precip  -0.166 0.047 -0.241 -0.089 1.000 16086.353     1.072
b_seq      0.288 0.044  0.218  0.358 1.000 20159.676     1.344
cv_1       0.078 0.111 -0.097  0.256 1.000 13469.643     0.898
cv_3      -0.113 0.095 -0.265  0.038 1.000 12063.106     0.804
cv_4       0.133 0.092 -0.016  0.276 1.001 12584.435     0.839
cv_5       0.066 0.094 -0.084  0.218 1.000 13049.896     0.870
tr[1]      0.301 0.838 -1.035  1.634 1.000 19471.737     1.298
tr[2]      0.302 0.862 -1.095  1.674 1.000 24495.122     1.633
tr[3]     -1.222 0.883 -2.579  0.225 1.000  7752.592     0.517
tr[4]     -0.353 0.869 -1.748  1.031 1.001 24338.609     1.623
tr[5]     -0.154 0.862 -1.516  1.234 1.000 22668.435     1.511
tr[6]     -0.501 0.827 -1.793  0.848 1.001 20476.648     1.365
tr[7]      0.307 0.842 -1.042  1.646 1.001 22908.076     1.527
tr[8]      0.187 0.861 -1.179  1.563 1.001 25249.180     1.683
tr[9]     -0.206 0.875 -1.592  1.201 1.000 25150.604     1.677
tr[10]    -0.156 0.839 -1.486  1.188 1.000 22268.845     1.485
tr[11]     0.381 0.875 -1.020  1.779 1.001 23890.769     1.593
tr[12]    -0.121 0.858 -1.492  1.246 1.000 23747.224     1.583
tr[13]     0.151 0.852 -1.198  1.502 1.000 23269.111     1.551
tr[14]     0.148 0.831 -1.192  1.457 1.001 23220.344     1.548
tr[15]    -0.005 0.844 -1.342  1.349 1.000 25428.334     1.695
tr[16]    -0.258 0.827 -1.570  1.067 1.001 21886.073     1.459
tr[17]     0.167 0.869 -1.243  1.556 1.000 23771.423     1.585
tr[18]    -0.042 0.852 -1.411  1.303 1.001 25401.191     1.693
tr[19]     0.398 0.866 -0.990  1.764 1.000 21313.180     1.421
tr[20]     0.347 0.883 -1.081  1.760 1.000 24854.607     1.657
tr[21]     0.256 0.866 -1.121  1.624 1.000 24220.127     1.615
tr[22]     1.278 0.890 -0.187  2.626 1.001  7535.077     0.502
tr[23]     0.198 0.867 -1.191  1.574 1.000 26589.253     1.773
tr[24]     1.018 0.873 -0.412  2.354 1.000 10924.981     0.728
tr[25]     0.008 0.866 -1.359  1.375 1.001 25778.820     1.719
tr[26]    -0.927 0.857 -2.252  0.477 1.000 10793.473     0.720
tr[27]     0.404 0.869 -1.000  1.777 1.000 21782.579     1.452
tr[28]    -0.371 0.831 -1.671  0.975 1.001 20919.072     1.395
tr[29]    -0.360 0.870 -1.742  1.052 1.000 20514.836     1.368
tr[30]     0.809 0.846 -0.568  2.127 1.001 14028.940     0.935
tr[31]     0.523 0.850 -0.840  1.857 1.001 21022.259     1.401
tr[32]    -0.121 0.827 -1.448  1.200 1.000 22193.573     1.480
tr[33]    -0.600 0.842 -1.912  0.766 1.000 17698.281     1.180
tr[34]    -0.078 0.854 -1.426  1.295 1.000 24144.727     1.610
tr[35]    -0.279 0.867 -1.654  1.121 1.000 24070.856     1.605
tr[36]     0.314 0.823 -1.008  1.611 1.001 23361.681     1.557
tr[37]     0.286 0.845 -1.058  1.617 1.001 23165.836     1.544
tr[38]    -0.627 0.862 -1.979  0.766 1.001 15724.029     1.048
tr[39]     0.192 0.828 -1.138  1.493 1.000 23737.865     1.583
tr[40]    -0.213 0.862 -1.585  1.168 1.000 24119.855     1.608
tr[41]     0.032 0.863 -1.358  1.415 1.000 22554.596     1.504
tr[42]     0.123 0.860 -1.255  1.499 1.001 23414.880     1.561
tr[43]    -0.390 0.861 -1.762  0.986 1.000 22299.203     1.487
tr[44]     0.251 0.880 -1.158  1.648 1.001 23494.550     1.566
tr[45]    -0.176 0.877 -1.561  1.244 1.000 25629.335     1.709
tr[46]    -0.131 0.806 -1.423  1.152 1.000 24847.573     1.657
tr[47]    -0.031 0.826 -1.331  1.290 1.000 24836.764     1.656
tr[48]     0.293 0.828 -1.055  1.596 1.000 21474.318     1.432
tr[49]     0.614 0.869 -0.791  1.993 1.001 19250.381     1.283
tr[50]     0.091 0.830 -1.237  1.428 1.000 25499.011     1.700
tr[51]    -0.445 0.840 -1.751  0.915 1.000 19558.605     1.304
tr[52]     0.521 0.866 -0.881  1.880 1.002 20486.838     1.366
tr[53]     0.251 0.845 -1.095  1.590 1.001 23975.257     1.598
tr[54]    -0.083 0.858 -1.460  1.279 1.000 24527.809     1.635
tr[55]    -0.330 0.867 -1.704  1.073 1.000 21973.592     1.465
tr[56]     1.113 0.914 -0.384  2.533 1.000 10827.599     0.722
tr[57]    -0.233 0.875 -1.624  1.171 1.001 25853.784     1.724
tr[58]    -0.606 0.844 -1.917  0.785 1.001 19116.528     1.274
tr[59]     1.233 0.887 -0.242  2.572 1.001  8539.828     0.569
tr[60]    -0.543 0.873 -1.919  0.855 1.000 20148.503     1.343
tr[61]     0.271 0.860 -1.120  1.643 1.000 25435.246     1.696
tr[62]    -1.144 0.905 -2.539  0.341 1.000 10861.102     0.724
tr[63]     0.055 0.825 -1.265  1.348 1.000 23147.028     1.543
tr[64]     0.443 0.831 -0.896  1.768 1.000 19570.561     1.305
tr[65]    -0.445 0.850 -1.783  0.912 1.000 20210.834     1.347
tr[66]    -0.288 0.876 -1.688  1.128 1.000 23480.329     1.565
tr[67]    -0.829 0.861 -2.174  0.578 1.000 13643.725     0.910
tr[68]    -1.078 0.878 -2.431  0.372 1.000  9570.905     0.638
tr[69]    -0.121 0.827 -1.447  1.195 1.001 25082.435     1.672
tr[70]    -1.006 0.874 -2.331  0.425 1.000 10953.906     0.730
tr[71]    -1.087 0.882 -2.441  0.368 1.001  8925.848     0.595
tr[72]    -0.035 0.834 -1.378  1.296 1.000 24193.080     1.613
tr[73]     0.441 0.831 -0.905  1.758 1.000 22163.286     1.478
tr[74]    -0.137 0.863 -1.502  1.243 1.001 24570.925     1.638
tr[75]     0.729 0.851 -0.670  2.055 1.000 14999.890     1.000
tr[76]     0.013 0.826 -1.278  1.329 1.000 23663.167     1.578
tr[77]     0.741 0.845 -0.649  2.059 1.000 14316.060     0.954
tr[78]     0.670 0.873 -0.742  2.054 1.000 15529.825     1.035
tr[79]     0.451 0.873 -0.953  1.826 1.000 20170.729     1.345
tr[80]     0.075 0.826 -1.252  1.380 1.001 22365.651     1.491
tr[81]    -0.034 0.863 -1.399  1.331 1.001 25123.623     1.675
tr[82]    -0.204 0.834 -1.522  1.156 1.000 22598.531     1.507
tr[83]    -0.111 0.855 -1.476  1.247 1.000 25165.801     1.678
tr[84]     0.303 0.885 -1.122  1.714 1.001 24600.204     1.640
tr[85]    -0.052 0.879 -1.459  1.365 1.000 25886.370     1.726
tr[86]    -0.473 0.831 -1.768  0.874 1.000 19133.956     1.276
tr[87]    -0.322 0.862 -1.672  1.068 1.001 23403.151     1.560
tr[88]    -0.565 0.876 -1.946  0.854 1.000 19619.562     1.308
tr[89]    -0.075 0.831 -1.402  1.239 1.001 23624.094     1.575
tr[90]    -0.084 0.825 -1.394  1.236 1.000 24447.780     1.630
tr[91]     0.280 0.857 -1.093  1.638 1.001 21546.991     1.436
tr[92]     0.476 0.865 -0.914  1.849 1.000 20944.467     1.396
tr[93]    -0.579 0.830 -1.895  0.773 1.001 18671.414     1.245
tr[94]    -0.594 0.888 -2.003  0.845 1.000 18923.267     1.262
tr[95]     0.290 0.869 -1.093  1.650 1.001 23767.678     1.585
tr[96]    -0.392 0.855 -1.751  0.981 1.000 23298.691     1.553
tr[97]    -0.173 0.836 -1.500  1.156 1.001 21450.074     1.430
tr[98]    -0.214 0.831 -1.543  1.118 1.000 24568.035     1.638
tr[99]     0.294 0.832 -1.033  1.613 1.000 21571.420     1.438
tr[100]    0.245 0.865 -1.143  1.612 1.000 24454.689     1.630
tr[101]    0.718 0.854 -0.667  2.057 1.001 15301.670     1.020
tr[102]   -0.190 0.825 -1.478  1.144 1.000 23260.398     1.551
tr[103]   -0.038 0.861 -1.431  1.348 1.001 25490.202     1.699
tr[104]    0.614 0.845 -0.753  1.938 1.000 16802.446     1.120
tr[105]    0.937 0.877 -0.502  2.287 1.000 11485.629     0.766
tr[106]   -0.067 0.871 -1.453  1.343 1.001 26714.726     1.781
tr[107]   -0.500 0.878 -1.876  0.918 1.001 19114.877     1.274
tr[108]   -0.014 0.865 -1.400  1.369 1.001 24491.038     1.633
tr[109]    0.988 0.883 -0.449  2.365 1.001 10689.553     0.713
tr[110]   -0.878 0.897 -2.271  0.587 1.000 15613.580     1.041
tr[111]    0.509 0.849 -0.858  1.841 1.001 19325.987     1.288
tr[112]   -0.827 0.898 -2.225  0.640 1.001 16533.672     1.102
tr[113]    0.602 0.864 -0.784  1.951 1.000 18775.516     1.252
tr[114]    0.123 0.859 -1.254  1.486 1.000 23422.020     1.561
tr[115]   -0.094 0.862 -1.483  1.281 1.000 23868.579     1.591
tr[116]    0.209 0.864 -1.177  1.580 1.001 23808.326     1.587
tr[117]   -0.129 0.858 -1.490  1.250 1.000 26057.108     1.737
tr[118]   -0.616 0.843 -1.939  0.760 1.000 15153.081     1.010
tr[119]   -0.657 0.879 -2.038  0.781 1.000 17504.520     1.167
tr[120]    0.838 0.891 -0.602  2.233 1.000 16437.597     1.096
sigma_tr   0.285 0.093  0.111  0.414 1.003  1752.246     0.117


==== parameter recovery ====
       param   true post_median   lo89   hi89 covered
1      loga1  2.996       2.869  2.725  3.011    TRUE
2      loga2  2.773       2.691  2.545  2.837    TRUE
3     s_conv -1.500      -1.285 -1.468 -1.103   FALSE
4  gap_shift  1.300       1.182  0.927  1.434    TRUE
5     sigma1  0.703       0.663  0.594  0.747    TRUE
6     sigma2  0.555       0.566  0.474  0.678    TRUE
7   sigma_tr  0.300       0.297  0.111  0.414    TRUE
8        yr1  0.100       0.028 -0.080  0.133    TRUE
9        yr2  0.300       0.293  0.168  0.417    TRUE
10      cv_1  0.200       0.077 -0.097  0.256    TRUE
11      cv_3 -0.150      -0.114 -0.265  0.038    TRUE
12      cv_4  0.100       0.135 -0.016  0.276    TRUE
13      cv_5 -0.100       0.066 -0.084  0.218   FALSE
14     b_deg  0.200       0.233  0.155  0.312    TRUE
15  b_precip -0.150      -0.165 -0.241 -0.089    TRUE
16     b_seq  0.300       0.288  0.218  0.358    TRUE
covered: 14 / 16 


==== posterior contrast ====
Median May gap (Organic - Conventional) -- mean: -2.883  median: -2.851  89% PI: [ -6.16 , 0.376 ]  89% HPDI: [ -6.125 , 0.403 ]
Median July gap (Organic - Conventional) -- mean: 8.466  median: 8.413  89% PI: [ 6.497 , 10.56 ]  89% HPDI: [ 6.405 , 10.438 ]
Seasonal change in median gap (July - May) -- mean: 11.349  median: 11.318  89% PI: [ 7.884 , 14.878 ]  89% HPDI: [ 7.808 , 14.777 ]
