==== model: model ====

$likelihood
Dv ~ dlnorm(mu, sigma[Mg])

$main_model
mu <- loga[Mg] + gamma * (Mo - 1) + b[Lo] * sigma_loc + c[Yr] + 
    tr[Tr] * sigma_tr

$gamma_def
gamma <- s + gap_shift * (Mg - 1)

$prior_loga
loga[Mg] ~ dnorm(2, 2)

$prior_b
b[Lo] ~ dnorm(0, 1)

$prior_s
s ~ dnorm(0, 1)

$prior_gs
gap_shift ~ dnorm(0, 1)

$prior_c
c[Yr] ~ dnorm(0, 1)

$prior_tr
tr[Tr] ~ dnorm(0, 1)

$pr_sigma
sigma[Mg] ~ dexp(3)

$pr_sigma_loc
sigma_loc ~ dexp(2)

$pr_sigma_tr
sigma_tr ~ dexp(2)



==== precis: fit_sim ====

            mean    sd   5.5%  94.5%  rhat  ess_bulk
loga[1]    1.747 0.611  0.767  2.720 1.001  4058.722
loga[2]    2.342 0.610  1.371  3.313 1.000  4103.697
b[1]       0.606 0.548 -0.254  1.503 1.001  6264.582
b[2]       0.994 0.613  0.046  2.009 1.001  6702.022
b[3]      -1.129 0.656 -2.206 -0.128 1.001  6028.562
b[4]      -0.442 0.536 -1.310  0.399 1.001  5801.043
s          0.284 0.115  0.101  0.466 1.000 12658.956
gap_shift  0.347 0.163  0.088  0.608 1.000 12624.087
c[1]       0.104 0.543 -0.774  0.974 1.000  4725.023
c[2]       0.232 0.541 -0.645  1.090 1.000  4658.777
c[3]      -0.320 0.542 -1.193  0.548 1.000  4624.117
tr[1]     -1.029 1.011 -2.581  0.614 1.000  7534.806
tr[2]      0.301 0.922 -1.172  1.780 1.001 18695.598
tr[3]     -0.197 0.908 -1.655  1.256 1.000 18194.109
tr[4]     -0.069 0.896 -1.501  1.353 1.001 20459.863
tr[5]     -0.339 0.937 -1.818  1.168 1.001 17787.655
tr[6]      0.144 0.922 -1.334  1.623 1.000 20137.738
tr[7]      0.654 0.953 -0.916  2.138 1.000 11468.308
tr[8]      0.365 0.909 -1.115  1.799 1.000 17184.601
tr[9]     -0.363 0.912 -1.801  1.101 1.001 15309.596
tr[10]     0.372 0.936 -1.127  1.850 1.000 17121.366
tr[11]    -0.068 0.934 -1.565  1.415 1.000 20247.240
tr[12]     0.242 0.910 -1.229  1.694 1.001 18566.152
tr[13]    -0.147 0.899 -1.577  1.281 1.000 19493.161
tr[14]     0.727 0.958 -0.823  2.223 1.000  9976.381
tr[15]    -0.354 0.940 -1.830  1.155 1.001 17134.115
tr[16]     0.081 0.927 -1.398  1.582 1.000 19497.548
tr[17]    -0.413 0.941 -1.885  1.118 1.001 15484.046
tr[18]    -0.383 0.916 -1.817  1.103 1.000 15893.474
tr[19]    -0.394 0.921 -1.840  1.105 1.000 17466.827
tr[20]    -0.125 0.927 -1.593  1.364 1.000 19669.285
tr[21]     0.520 0.935 -0.996  1.974 1.000 11754.030
tr[22]     0.184 0.930 -1.311  1.671 1.001 19556.935
tr[23]    -0.518 0.936 -1.996  0.993 1.001 13466.629
tr[24]    -0.805 1.000 -2.370  0.838 1.000  8651.004
tr[25]    -0.008 0.894 -1.443  1.427 1.001 21360.459
tr[26]     0.188 0.916 -1.290  1.630 1.000 18383.647
tr[27]     0.102 0.908 -1.342  1.553 1.001 20422.784
tr[28]     0.295 0.937 -1.212  1.770 1.001 17139.068
tr[29]    -0.004 0.911 -1.461  1.456 1.000 19798.201
tr[30]    -0.077 0.923 -1.566  1.418 1.001 20798.666
tr[31]     0.157 0.926 -1.336  1.619 1.000 19116.166
tr[32]    -0.150 0.919 -1.597  1.317 1.000 19790.092
tr[33]    -0.239 0.935 -1.739  1.249 1.000 19190.846
tr[34]    -0.931 1.008 -2.507  0.746 1.000  7914.335
tr[35]     0.143 0.935 -1.347  1.641 1.001 20026.143
tr[36]     0.454 0.934 -1.045  1.914 1.000 14453.163
tr[37]    -0.086 0.927 -1.583  1.384 1.000 19676.841
tr[38]    -0.200 0.909 -1.648  1.263 1.000 17458.412
tr[39]    -0.058 0.896 -1.478  1.370 1.000 19564.089
tr[40]    -0.539 0.943 -2.010  1.015 1.000 13117.889
tr[41]     0.073 0.926 -1.396  1.553 1.001 19527.843
tr[42]    -0.055 0.906 -1.495  1.386 1.000 20472.871
tr[43]     0.082 0.885 -1.340  1.494 1.000 21484.127
tr[44]     0.339 0.908 -1.132  1.790 1.000 18106.425
tr[45]     0.098 0.917 -1.357  1.539 1.000 20245.197
tr[46]    -0.067 0.922 -1.548  1.415 1.001 20446.213
tr[47]     0.193 0.904 -1.255  1.626 1.000 17979.892
tr[48]     0.018 0.913 -1.455  1.458 1.001 21207.029
tr[49]     0.335 0.900 -1.115  1.756 1.000 18461.666
tr[50]    -0.204 0.930 -1.673  1.298 1.001 20359.191
tr[51]    -0.036 0.912 -1.479  1.425 1.000 20164.622
tr[52]    -0.226 0.920 -1.673  1.246 1.000 18632.135
tr[53]    -0.007 0.898 -1.448  1.418 1.001 20960.488
tr[54]    -0.148 0.920 -1.605  1.346 1.000 20003.827
tr[55]    -0.058 0.904 -1.488  1.385 1.001 19802.332
tr[56]     0.643 0.959 -0.917  2.143 1.000 11689.180
tr[57]    -0.182 0.915 -1.658  1.279 1.000 19920.910
tr[58]    -0.735 0.981 -2.263  0.889 1.001  9809.108
tr[59]    -0.278 0.914 -1.741  1.190 1.001 17606.517
tr[60]    -0.800 0.970 -2.317  0.791 1.001  9000.623
tr[61]     0.306 0.925 -1.170  1.780 1.001 16365.588
tr[62]     0.489 0.948 -1.051  1.990 1.000 14434.513
tr[63]    -0.270 0.916 -1.718  1.197 1.001 17377.173
tr[64]    -0.084 0.919 -1.553  1.393 1.001 19483.225
tr[65]    -0.294 0.932 -1.771  1.204 1.000 18389.955
tr[66]     0.514 0.940 -0.995  2.002 1.001 13207.163
tr[67]     0.127 0.924 -1.369  1.586 1.000 20576.698
tr[68]    -0.385 0.928 -1.845  1.131 1.000 16669.928
tr[69]     0.805 0.997 -0.836  2.348 1.001  9545.938
tr[70]    -0.045 0.898 -1.465  1.398 1.000 19391.335
tr[71]     0.385 0.936 -1.127  1.863 1.000 15241.372
tr[72]    -0.264 0.939 -1.763  1.249 1.000 17987.707
tr[73]    -0.714 0.952 -2.196  0.859 1.000 10081.641
tr[74]    -0.212 0.908 -1.640  1.246 1.000 18713.711
tr[75]     0.517 0.930 -0.993  1.956 1.001 13795.337
tr[76]     0.275 0.919 -1.229  1.719 1.001 15941.488
tr[77]     0.086 0.914 -1.394  1.537 1.000 20003.571
tr[78]    -0.016 0.917 -1.479  1.443 1.001 20123.395
tr[79]     0.029 0.907 -1.422  1.472 1.001 22586.678
tr[80]    -0.311 0.915 -1.746  1.172 1.000 17721.159
tr[81]    -0.123 0.912 -1.578  1.342 1.000 20987.891
tr[82]    -0.045 0.919 -1.499  1.415 1.000 20430.424
tr[83]    -0.327 0.932 -1.789  1.193 1.001 17781.987
tr[84]     0.118 0.923 -1.363  1.592 1.001 20121.378
tr[85]     0.616 0.935 -0.899  2.076 1.000 13911.352
tr[86]     0.730 0.960 -0.853  2.210 1.000 10723.109
tr[87]    -0.480 0.938 -1.973  1.040 1.000 14289.862
tr[88]     0.046 0.911 -1.394  1.490 1.000 19524.456
tr[89]    -0.101 0.922 -1.563  1.345 1.000 21603.383
tr[90]     0.117 0.909 -1.329  1.566 1.001 19980.242
tr[91]    -0.660 0.986 -2.202  0.930 1.000 11269.990
tr[92]    -0.315 0.932 -1.779  1.195 1.001 17952.585
tr[93]    -0.019 0.908 -1.465  1.425 1.000 20568.072
tr[94]    -0.160 0.911 -1.610  1.312 1.000 19874.727
tr[95]    -0.052 0.924 -1.528  1.420 1.000 19153.032
tr[96]     0.613 0.939 -0.918  2.073 1.000 11681.923
tr[97]    -0.107 0.926 -1.591  1.372 1.001 19718.206
tr[98]    -0.563 0.938 -2.037  0.973 1.000 12216.122
tr[99]    -0.036 0.912 -1.489  1.422 1.000 19876.240
tr[100]    0.262 0.902 -1.184  1.693 1.000 18495.624
tr[101]    0.177 0.919 -1.302  1.633 1.000 19357.448
tr[102]    0.503 0.956 -1.050  2.002 1.000 13281.144
tr[103]   -0.248 0.907 -1.677  1.218 1.001 17784.292
tr[104]    0.715 0.959 -0.854  2.206 1.001  9519.267
tr[105]    0.078 0.928 -1.401  1.569 1.000 20853.454
tr[106]   -0.201 0.940 -1.690  1.327 1.000 19265.238
tr[107]    0.124 0.910 -1.326  1.580 1.001 19528.578
tr[108]    0.425 0.930 -1.062  1.887 1.000 17038.914
tr[109]   -0.003 0.895 -1.430  1.433 1.001 19662.514
tr[110]   -0.428 0.923 -1.874  1.072 1.001 15069.778
tr[111]    0.091 0.923 -1.379  1.576 1.000 20188.088
tr[112]   -0.104 0.895 -1.532  1.325 1.001 19699.407
tr[113]    0.251 0.911 -1.253  1.684 1.001 18889.058
tr[114]   -0.109 0.924 -1.583  1.353 1.000 18646.244
tr[115]    0.400 0.927 -1.103  1.854 1.000 18177.935
tr[116]    0.335 0.940 -1.192  1.829 1.000 16204.330
tr[117]    0.484 0.943 -1.039  1.978 1.000 14222.564
tr[118]    0.496 0.945 -1.051  1.988 1.001 14149.415
tr[119]    0.504 0.920 -0.998  1.954 1.001 13524.284
tr[120]   -0.254 0.917 -1.700  1.207 1.000 18810.181
sigma[1]   0.600 0.051  0.522  0.684 1.001  5104.257
sigma[2]   0.671 0.050  0.593  0.754 1.001  5488.632
sigma_loc  0.609 0.267  0.311  1.097 1.000  6519.322
sigma_tr   0.194 0.096  0.030  0.338 1.003  2090.709


==== posterior contrast ====
Median July gap (Organic - Conventional) -- mean: 14.353  median: 11.758  89% PI: [ 4.354 , 31.665 ]  89% HPDI: [ 2.732 , 26.05 ]
Median May gap (Organic - Conventional) -- mean: 5.606  median: 4.578  89% PI: [ 1.614 , 12.722 ]  89% HPDI: [ 0.962 , 10.371 ]
Seasonal change in median gap (July - May) -- mean: 8.747  median: 7.06  89% PI: [ 2.361 , 20.263 ]  89% HPDI: [ 1.396 , 16.396 ]
