==== model: Treebeard the Skeptic ====

$likelihood
Dv ~ dlnorm(mu, sigma[Mg])

$main_model
mu <- loga[Mg] + gamma * (Mo - 1) + tr[Tr] * sigma_tr

$gamma_def
gamma <- s_conv + gap_shift * (Mg - 1)

$prior_loga
loga[Mg] ~ dnorm(2, 2)

$prior_s
s_conv ~ dnorm(0, 1)

$prior_gs
gap_shift ~ dnorm(0, 1)

$pr_sigma
sigma[Mg] ~ dhalfnorm(0, 1)

$prior_tr
tr[Tr] ~ dnorm(0, 1)

$pr_sigma_tr
sigma_tr ~ dhalfnorm(0, 1)

attr(,"name")
[1] "Treebeard the Skeptic"


==== precis: fit_MDST ====

            mean    sd   5.5%  94.5%  rhat  ess_bulk ess_ratio
loga[1]    2.695 0.080  2.567  2.821 1.000 23204.265     0.773
loga[2]    2.182 0.138  1.962  2.405 1.000 29832.010     0.994
s_conv    -1.809 0.108 -1.979 -1.635 1.000 23442.423     0.781
gap_shift  2.063 0.215  1.720  2.406 1.000 23926.722     0.798
sigma[1]   0.657 0.042  0.593  0.727 1.000 21110.974     0.704
sigma[2]   0.959 0.076  0.843  1.084 1.000 15526.733     0.518
tr[1]      0.232 0.950 -1.296  1.722 1.000 35233.791     1.174
tr[2]      0.117 0.946 -1.395  1.632 1.000 40894.095     1.363
tr[3]      0.182 0.943 -1.335  1.691 1.000 40703.308     1.357
tr[4]      0.126 0.948 -1.394  1.631 1.000 41562.363     1.385
tr[5]     -0.102 0.933 -1.586  1.399 1.000 45253.966     1.508
tr[6]     -0.105 0.947 -1.613  1.408 1.000 45949.452     1.532
tr[7]      0.283 0.959 -1.257  1.805 1.000 37471.240     1.249
tr[8]      0.279 0.959 -1.274  1.789 1.000 35014.494     1.167
tr[9]      0.144 0.949 -1.387  1.644 1.000 41097.434     1.370
tr[10]     0.041 0.951 -1.486  1.570 1.001 44952.370     1.498
tr[11]     0.121 0.953 -1.416  1.647 1.000 44631.103     1.488
tr[12]     0.115 0.942 -1.406  1.620 1.000 42094.712     1.403
tr[13]     0.284 0.954 -1.259  1.777 1.000 34037.750     1.135
tr[14]     0.260 0.952 -1.262  1.772 1.000 38700.109     1.290
tr[15]     0.271 0.962 -1.293  1.794 1.000 35638.814     1.188
tr[16]    -0.047 0.950 -1.552  1.466 1.000 44561.394     1.485
tr[17]    -0.559 0.985 -2.102  1.050 1.000 22982.377     0.766
tr[18]    -0.230 0.960 -1.753  1.336 1.000 38797.908     1.293
tr[19]     0.150 0.968 -1.390  1.683 1.000 43012.331     1.434
tr[20]     0.091 0.972 -1.463  1.646 1.001 43912.926     1.464
tr[21]     0.243 0.981 -1.339  1.801 1.000 38631.959     1.288
tr[22]     0.115 0.977 -1.438  1.669 1.000 40962.617     1.365
tr[23]     0.180 0.977 -1.381  1.736 1.000 39780.797     1.326
tr[24]     0.225 0.980 -1.334  1.788 1.000 37792.477     1.260
tr[25]     0.003 0.961 -1.531  1.541 1.001 42675.972     1.423
tr[26]    -0.052 0.974 -1.618  1.517 1.001 44202.385     1.473
tr[27]     0.042 0.971 -1.497  1.589 1.000 46385.192     1.546
tr[28]     0.295 0.993 -1.293  1.863 1.000 38240.117     1.275
tr[29]     0.055 0.936 -1.443  1.558 1.000 44865.282     1.496
tr[30]     0.154 0.973 -1.412  1.695 1.000 40694.436     1.356
tr[31]     0.459 0.982 -1.140  2.008 1.000 25947.909     0.865
tr[32]     0.492 0.981 -1.106  2.042 1.000 24019.658     0.801
tr[33]    -0.092 0.948 -1.602  1.417 1.000 42636.068     1.421
tr[34]     0.249 0.952 -1.283  1.757 1.000 38188.480     1.273
tr[35]     0.258 0.952 -1.272  1.767 1.000 38854.951     1.295
tr[36]    -0.244 0.957 -1.749  1.302 1.001 36825.922     1.228
tr[37]     0.080 0.976 -1.473  1.642 1.000 41520.001     1.384
tr[38]     0.054 0.974 -1.506  1.599 1.000 44517.617     1.484
tr[39]     0.048 0.976 -1.495  1.616 1.001 44641.297     1.488
tr[40]     0.116 0.972 -1.449  1.660 1.000 42831.255     1.428
tr[41]     0.103 0.975 -1.469  1.657 1.000 41149.011     1.372
tr[42]     0.075 0.973 -1.471  1.623 1.000 43018.806     1.434
tr[43]    -0.376 1.012 -1.975  1.266 1.000 26200.963     0.873
tr[44]    -0.436 1.011 -2.031  1.182 1.000 26801.903     0.893
tr[45]    -0.419 1.012 -2.036  1.203 1.000 26284.837     0.876
tr[46]    -0.025 0.970 -1.567  1.529 1.000 43051.502     1.435
tr[47]    -0.106 0.990 -1.678  1.480 1.000 46606.153     1.554
tr[48]    -0.196 0.988 -1.778  1.370 1.000 40948.481     1.365
tr[49]     0.132 0.942 -1.385  1.634 1.000 42700.544     1.423
tr[50]    -0.152 0.965 -1.684  1.386 1.000 41816.980     1.394
tr[51]    -0.083 0.942 -1.590  1.425 1.000 45021.756     1.501
tr[52]     0.001 0.954 -1.520  1.521 1.000 42281.719     1.409
tr[53]     0.112 0.986 -1.474  1.682 1.000 44933.801     1.498
tr[54]    -0.024 0.950 -1.544  1.503 1.000 46226.349     1.541
tr[55]     0.093 0.939 -1.406  1.589 1.000 42376.875     1.413
tr[56]     0.119 0.947 -1.403  1.632 1.000 45462.180     1.515
tr[57]    -0.287 0.964 -1.801  1.280 1.000 39178.163     1.306
tr[58]    -0.170 0.960 -1.695  1.378 1.000 39219.172     1.307
tr[59]    -0.133 0.951 -1.641  1.397 1.000 44933.375     1.498
tr[60]     0.143 0.974 -1.412  1.686 1.000 44992.399     1.500
tr[61]     0.226 0.953 -1.300  1.745 1.000 39249.595     1.308
tr[62]     0.204 0.977 -1.374  1.765 1.000 41347.113     1.378
tr[63]     0.134 0.946 -1.379  1.642 1.000 42378.537     1.413
tr[64]     0.094 0.955 -1.430  1.611 1.000 41780.716     1.393
tr[65]    -0.141 0.947 -1.652  1.382 1.000 46536.929     1.551
tr[66]    -0.395 0.998 -1.977  1.212 1.000 31843.395     1.061
tr[67]     0.413 0.967 -1.156  1.930 1.000 29096.354     0.970
tr[68]     0.105 0.942 -1.391  1.592 1.000 43863.310     1.462
tr[69]     0.020 0.951 -1.513  1.530 1.000 44411.115     1.480
tr[70]     0.232 0.989 -1.360  1.802 1.000 38978.501     1.299
tr[71]     0.194 0.983 -1.391  1.747 1.000 40287.093     1.343
tr[72]     0.215 0.983 -1.366  1.776 1.000 38922.891     1.297
tr[73]     0.179 0.987 -1.397  1.749 1.000 41901.266     1.397
tr[74]     0.174 0.982 -1.408  1.745 1.000 42257.191     1.409
tr[75]     0.210 0.977 -1.369  1.761 1.000 39523.886     1.317
tr[76]     0.126 0.972 -1.452  1.679 1.000 44371.703     1.479
tr[77]     0.155 0.976 -1.422  1.714 1.000 43565.528     1.452
tr[78]     0.083 0.965 -1.455  1.623 1.000 43485.567     1.450
tr[79]     0.088 0.958 -1.442  1.601 1.000 42955.269     1.432
tr[80]    -0.297 0.957 -1.831  1.238 1.000 36643.370     1.221
tr[81]    -0.261 0.962 -1.800  1.302 1.000 39686.180     1.323
tr[82]    -0.037 0.942 -1.543  1.473 1.000 46554.636     1.552
tr[83]    -0.177 0.953 -1.698  1.352 1.000 41938.167     1.398
tr[84]    -0.242 0.949 -1.741  1.298 1.000 37371.569     1.246
tr[85]    -0.420 0.984 -1.965  1.181 1.000 30347.114     1.012
tr[86]    -0.597 0.997 -2.156  1.032 1.000 22211.998     0.740
tr[87]    -0.442 0.980 -1.976  1.146 1.000 26598.103     0.887
tr[88]    -0.132 0.981 -1.694  1.445 1.000 42286.611     1.410
tr[89]    -0.099 0.978 -1.661  1.474 1.000 44884.215     1.496
tr[90]    -0.153 0.968 -1.691  1.411 1.000 39603.556     1.320
tr[91]    -0.064 0.968 -1.607  1.482 1.000 45509.624     1.517
tr[92]    -0.204 0.980 -1.758  1.374 1.000 37448.709     1.248
tr[93]    -0.184 0.978 -1.740  1.387 1.000 37911.606     1.264
tr[94]    -0.491 1.018 -2.118  1.140 1.000 23033.768     0.768
tr[95]    -0.596 1.049 -2.255  1.084 1.000 20803.332     0.693
tr[96]    -0.556 1.028 -2.180  1.104 1.001 20258.902     0.675
tr[97]    -0.237 0.996 -1.822  1.360 1.000 36775.108     1.226
tr[98]    -0.250 0.974 -1.791  1.312 1.000 40179.295     1.339
tr[99]    -0.373 1.000 -1.960  1.237 1.000 28878.452     0.963
tr[100]   -0.293 0.954 -1.803  1.254 1.000 33054.880     1.102
tr[101]   -0.464 0.993 -2.038  1.146 1.000 26442.055     0.881
tr[102]   -0.010 0.948 -1.539  1.498 1.000 45720.960     1.524
tr[103]   -0.442 0.973 -1.976  1.136 1.000 27921.907     0.931
tr[104]    0.014 0.953 -1.526  1.535 1.000 41811.126     1.394
tr[105]    0.133 0.947 -1.392  1.650 1.000 42638.271     1.421
tr[106]   -0.162 0.950 -1.658  1.375 1.000 39818.958     1.327
tr[107]    0.124 0.948 -1.409  1.629 1.000 41746.342     1.392
tr[108]    0.152 0.942 -1.354  1.644 1.000 41131.733     1.371
tr[109]    0.053 0.946 -1.452  1.558 1.000 41968.636     1.399
tr[110]   -0.115 0.967 -1.653  1.428 1.000 44925.481     1.498
tr[111]   -0.366 0.990 -1.942  1.237 1.000 31068.565     1.036
tr[112]   -0.012 0.932 -1.488  1.475 1.000 42721.659     1.424
tr[113]    0.015 0.932 -1.475  1.501 1.000 46565.087     1.552
tr[114]   -0.270 0.950 -1.781  1.265 1.000 37651.105     1.255
tr[115]   -0.187 0.961 -1.722  1.351 1.000 38267.776     1.276
tr[116]   -0.017 0.947 -1.530  1.507 1.000 43215.495     1.441
tr[117]    0.248 0.966 -1.306  1.765 1.000 39355.179     1.312
tr[118]    0.250 0.950 -1.273  1.759 1.000 37554.933     1.252
tr[119]   -0.152 0.943 -1.648  1.358 1.000 41706.152     1.390
tr[120]    0.424 0.980 -1.162  1.970 1.000 29864.629     0.995
tr[121]    0.141 0.972 -1.408  1.693 1.000 42315.891     1.411
tr[122]    0.155 0.970 -1.389  1.706 1.000 45601.150     1.520
tr[123]    0.205 0.962 -1.344  1.741 1.000 37967.233     1.266
tr[124]    0.307 0.987 -1.289  1.872 1.000 33345.940     1.112
tr[125]    0.354 1.002 -1.249  1.946 1.000 30932.800     1.031
tr[126]    0.249 0.980 -1.319  1.802 1.000 35439.474     1.181
tr[127]    0.153 0.978 -1.415  1.710 1.000 42661.138     1.422
tr[128]    0.161 0.965 -1.383  1.703 1.000 41719.198     1.391
tr[129]    0.126 0.976 -1.431  1.688 1.000 40696.587     1.357
sigma_tr   0.144 0.093  0.014  0.306 1.001  4872.493     0.162
